288 429 6
0 2 3 13 15 16
0 4
0 58
1 2
1 86
1 125
2 6
3 5
3 153
4 6
4 136
5 6
5 69
7 11
7 87
7 192
8 12
8 20
8 220
9 11
9 76
9 259
10 12
10 143
10 287
11 12
13 17
13 203
14 15
14 154
14 270
15 19
16 18
16 221
17 19
17 277
18 19
18 210
20 21
20 33
21 22
21 42
22 23
22 65
23 24
23 50
24 25
24 57
25 26
25 82
26 27
26 39
27 28
27 46
28 29
28 77
29 30
29 66
30 31
30 59
31 32
31 72
32 33
32 83
33 34
34 35
34 47
35 36
35 56
36 37
36 79
37 38
37 64
38 39
38 71
39 40
40 41
40 53
41 42
41 60
42 43
43 44
43 80
44 45
44 73
45 46
45 86
46 47
47 48
48 49
48 61
49 50
49 70
50 51
51 52
51 78
52 53
52 85
53 54
54 55
54 67
55 56
55 74
56 57
57 58
58 59
59 60
60 61
61 62
62 63
62 75
63 64
63 84
64 65
65 66
66 67
67 68
68 69
68 81
69 70
70 71
71 72
72 73
73 74
74 75
75 76
76 77
77 78
78 79
79 80
80 81
81 82
82 83
83 84
84 85
85 86
87 88
87 100
88 89
88 109
89 90
89 132
90 91
90 117
91 92
91 124
92 93
92 149
93 94
93 106
94 95
94 113
95 96
95 144
96 97
96 133
97 98
97 126
98 99
98 139
99 100
99 150
100 101
101 102
101 114
102 103
102 123
103 104
103 146
104 105
104 131
105 106
105 138
106 107
107 108
107 120
108 109
108 127
109 110
110 111
110 147
111 112
111 140
112 113
112 153
113 114
114 115
115 116
115 128
116 117
116 137
117 118
118 119
118 145
119 120
119 152
120 121
121 122
121 134
122 123
122 141
123 124
124 125
125 126
126 127
127 128
128 129
129 130
129 142
130 131
130 151
131 132
132 133
133 134
134 135
135 136
135 148
136 137
137 138
138 139
139 140
140 141
141 142
142 143
143 144
144 145
145 146
146 147
147 148
148 149
149 150
150 151
151 152
152 153
154 155
154 167
155 156
155 176
156 157
156 199
157 158
157 184
158 159
158 191
159 160
159 216
160 161
160 173
161 162
161 180
162 163
162 211
163 164
163 200
164 165
164 193
165 166
165 206
166 167
166 217
167 168
168 169
168 181
169 170
169 190
170 171
170 213
171 172
171 198
172 173
172 205
173 174
174 175
174 187
175 176
175 194
176 177
177 178
177 214
178 179
178 207
179 180
179 220
180 181
181 182
182 183
182 195
183 184
183 204
184 185
185 186
185 212
186 187
186 219
187 188
188 189
188 201
189 190
189 208
190 191
191 192
192 193
193 194
194 195
195 196
196 197
196 209
197 198
197 218
198 199
199 200
200 201
201 202
202 203
202 215
203 204
204 205
205 206
206 207
207 208
208 209
209 210
210 211
211 212
212 213
213 214
214 215
215 216
216 217
217 218
218 219
219 220
221 222
221 234
222 223
222 243
223 224
223 266
224 225
224 251
225 226
225 258
226 227
226 283
227 228
227 240
228 229
228 247
229 230
229 278
230 231
230 267
231 232
231 260
232 233
232 273
233 234
233 284
234 235
235 236
235 248
236 237
236 257
237 238
237 280
238 239
238 265
239 240
239 272
240 241
241 242
241 254
242 243
242 261
243 244
244 245
244 281
245 246
245 274
246 247
246 287
247 248
248 249
249 250
249 262
250 251
250 271
251 252
252 253
252 279
253 254
253 286
254 255
255 256
255 268
256 257
256 275
257 258
258 259
259 260
260 261
261 262
262 263
263 264
263 276
264 265
264 285
265 266
266 267
267 268
268 269
269 270
269 282
270 271
271 272
272 273
273 274
274 275
275 276
276 277
277 278
278 279
279 280
280 281
281 282
282 283
283 284
284 285
285 286
286 287
