Certified normalized generalized-switch orbit for the contraction in
Proposition 9 of main.tex.

Parent graph6:
M?AA@BORD_CoEOAo?

Contracted parent edge:
15 = (3,12)

Contracted sides:
U = {5,11}
V = {15,16}

Rows (contracted-edge order):
00  01,01,02,12,02,01,12,01,02,02,03,23,23,12,13,03,12,13,03,01
01  01,01,02,03,13,01,03,01,13,13,12,23,01,03,13,03,12,13,03,01
02  01,02,01,02,12,01,01,02,12,12,13,23,03,02,23,03,12,23,03,02
03  01,02,01,13,03,01,23,02,03,03,02,23,12,13,23,03,12,23,03,02
04  01,02,12,02,12,01,01,02,12,12,13,23,23,02,03,23,01,03,23,02
05  01,02,12,13,03,01,23,02,03,03,02,23,01,13,03,23,01,03,23,02
06  01,02,03,02,12,01,01,02,12,12,13,23,01,02,12,01,23,12,01,02
07  01,02,03,13,03,01,23,02,03,03,02,23,23,13,12,01,23,12,01,02
08  01,02,23,02,12,01,01,02,12,12,13,23,12,02,01,12,03,01,12,02
09  01,02,23,13,03,01,23,02,03,03,02,23,03,13,01,12,03,01,12,02
10  01,23,02,12,02,01,03,23,02,02,03,23,23,12,13,12,03,13,12,23
11  01,23,02,03,13,01,12,23,13,13,12,23,01,03,13,12,03,13,12,23

Complete normalized adjacency; unlisted moves are self-loops:
0: 4,7
1: 5,6
2: 4,6
3: 5,7
4: 0,2,8,10
5: 1,3,9,11
6: 1,2,8,11
7: 0,3,9,10
8: 4,6
9: 5,7
10: 4,7
11: 5,6

SHA-256 of the twelve label rows joined by newline:
6aee922a63835496506597e93a1a600314b59583f28e0617e90978c9688858e3
