c --- [ banner ] -------------------------------------------------------------
c 
c CaDiCaL SAT Solver
c Copyright (c) 2016-2026
c A. Biere, M. Fleury, N. Froleyks, K. Fazekas, F. Pollitt, T. Faller
c JKU Linz, University of Freiburg, TU Wien
c 
c Version 3.0.1
c Apple clang version 21.0.0 (clang-2100.0.123.102) -Wall -Wextra -O3 -DNDEBUG -DNCLOSEFROM
c Sun Jul 19 15:40:55 UTC 2026 Darwin Tahoe-arm64.local 25.4.0 arm64
c 
c --- [ proof tracing ] ------------------------------------------------------
c 
c opening file to write 'scratch/order100-global-profile0-final.lrat'
c writing non-binary proof trace to 'scratch/order100-global-profile0-final.lrat'
c 
c --- [ parsing input ] ------------------------------------------------------
c 
c reading DIMACS file from 'scratch/order100-global-profile0-final.cnf'
c opening file to read 'scratch/order100-global-profile0-final.cnf'
c found 'p cnf 36388 190207' header
c parsed 190207 clauses in 0.05 seconds process time
c 
c --- [ options ] ------------------------------------------------------------
c 
c   --binary=false                 (different from default 'true')
c   --lrat=true                    (different from default 'false')
c 
c --- [ solving ] ------------------------------------------------------------
c 
c time measured in process time since initialization
c 
c  seconds  reduction conflicts       size tier2        variables
c         MB    restarts   redundant    glue  trail          remaining
c          level     rate       size/glu tier1  irredundant
c 
c *  0.05  0  0 0   0  0    0    0 0.0 0 0 2 6  0% 190191 36380 100%
c )  0.07  0  0 0   0  0    0    0 0.0 0 0 2 6  0% 190191 36380 100%
c {  0.09  0  0 0   0  0    0    0 0.0 0 0 2 6  0% 190191 36380 100%
c -  0.12  0 299 1   1  4  300   66 1.1 128 115 2 6 13% 190191 36380 100%
c -  0.16  0 160 2   1  4  855  145 1.2 78 64 2 6 13% 190191 36380 100%
c }  0.17  0 138 2   1  4 1006  215 1.3 71 55 2 6 13% 190191 36380 100%
c [  0.17  0  0 2   1  0 1006  215 0.0 0 0 2 6  0% 190191 36380 100%
c O  0.17  0  7 2   1  8 1007  216 1.2 7 6 2 6  9% 190191 36380 100%
c ]  0.24  0 143 2   1 14 1654  863 1.1 63 59 2 6 14% 190191 36380 100%
c {  0.24  0 138 2   1  4 1654  863 1.3 71 55 2 6 13% 190191 36380 100%
c -  0.26  0 140 3   1  4 1790  348 1.4 72 53 2 6 13% 190191 36380 100%
c d  0.34  0 107 3  20  4 2787 1067 1.5 69 46 2 6 14% 190190 36379 100%
c O  0.37  0 102 3  20  4 3009 1211 1.5 67 44 2 6 14% 190190 36379 100%
c -  0.39  0 98 4  20  4 3149  534 1.6 69 42 2 6 14% 190190 36379 100%
c s  0.50  0 77 4  29  5 4791 1409 1.6 56 34 2 6 13% 185568 36379 100%
c e  0.62  0 77 4  29  5 4791 1073 1.6 56 34 2 6 13% 180143 21487 59%
c s  0.64  0 77 4  29  5 4791 1073 1.6 56 34 2 6 13% 174499 21487 59%
c -  0.69  0 80 5  71  6 4942  588 1.6 57 36 2 6 18% 174499 21487 59%
c 2  0.71  0 77 5  92  6 5287  803 1.6 55 35 18 45 15% 174020 21487 59%
c }  0.76  0 73 5  92  6 5707 1041 1.6 52 33 14 42 15% 174020 21487 59%
c 
c  seconds   reduction conflicts       size   tier2        variables
c         MB     restarts   redundant     glue   trail          remaining
c           level     rate       size/glue  tier1  irredundant
c 
c [  0.76  0 143 5  92 14 5707 1041 1.1 63 59 2 6 24% 174020 21487 59%
c I  0.79  0 132 5  92 13 6012 1289 1.2 64 53 2 6 26% 174020 21487 59%
c -  0.89  0 411 6  93 12 7128 2069 1.5 69 47 29 114 34% 174020 21487 59%
c -  1.05  0 204 7  95  7 9770 3770 1.5 50 34 17 43 30% 174020 21487 59%
c B  1.06  0 195 7  95  7 10014 3916 1.5 49 33 17 43 29% 174020 21487 59%
c ]  1.13  0 204 7  96  7 10960 4803 1.5 54 36 17 43 29% 174020 21487 59%
c {  1.13  0 73 7  96  6 10960 4803 1.6 52 33 14 42 15% 174020 21487 59%
c i  1.15  0 92 7 136  8 11195 5027 1.5 60 40 14 42 15% 174020 21486 59%
c -  1.34  0 202 8 187  9 12836 4832 1.5 88 61 14 42 26% 174015 21486 59%
c #  1.51  0 188 8 206  8 15018 6554 1.5 84 55 17 57 31% 174015 21486 59%
c i  1.53  0 185 8 208  8 15372 6756 1.5 83 54 17 57 32% 174015 21485 59%
c -  1.61  0 174 9 223  8 16366 6385 1.5 78 52 17 57 32% 174010 21485 59%
c i  1.67  0 176 9 262  9 16771 6624 1.5 78 52 17 57 32% 174010 21484 59%
c s  1.70  0 174 9 262  9 16878 6687 1.5 78 52 17 57 32% 156510 21484 59%
c e  1.73  0 174 9 262  9 16878 6572 1.5 78 52 17 57 32% 156481 21468 59%
c s  1.75  0 174 9 262  9 16878 6437 1.5 78 52 17 57 32% 151972 21468 59%
c }  2.01  0 160 9 286  8 19816 8654 1.5 70 46 17 57 41% 151972 21468 59%
c [  2.01  0 204 9 286  7 19816 8654 1.5 54 36 17 43 29% 151972 21468 59%
c -  2.05  0 198 10 287  7 20335 8250 1.5 51 34 17 43 34% 151972 21468 59%
c 2  2.05  0 198 10 287  7 20335 8250 1.5 51 34 17 43 34% 151940 21468 59%
c 
c  seconds   reductions  conflicts       size    tier2         variables
c         MB      restarts    redundant     glue     trail          remaining
c           level      rate        size/glue  tier1    irredundant
c 
c W  2.19  0 184 10 287  6 21024 8818 1.5 49 33 17 43 38% 151940 21468 59%
c -  2.48  0 144 11 288  5 24549 10538 1.6 46 29 17 42 48% 151940 21468 59%
c O  2.78  0 124 11 290  4 28025 13146 1.5 48 32 17 42 47% 151940 21468 59%
c -  2.87  0 120 12 291  4 29179 12559 1.5 48 32 17 42 48% 151940 21468 59%
c ]  3.02  0 113 12 292  6 31094 14321 1.5 48 33 17 42 47% 151940 21468 59%
c {  3.02  0 160 12 292  8 31094 14321 1.5 70 46 17 57 41% 151940 21468 59%
c ^  3.28  0 161 12 386  8 33823 16425 1.6 68 43 17 57 45% 151940 21468 59%
c -  3.35  0 160 13 417  8 34224 14635 1.6 69 43 17 57 45% 151940 21468 59%
c B  3.47  0 166 13 481  8 36089 15964 1.6 67 41 17 57 45% 151940 21468 59%
c i  3.65  0 149 13 495  8 39704 18103 1.6 60 38 16 45 42% 151940 21467 59%
c -  3.66  0 149 14 496  8 39704 15001 1.6 60 38 16 45 42% 151935 21467 59%
c W  4.21  0 144 14 815  8 45090 18924 1.5 65 43 16 45 41% 151935 21467 59%
c -  4.24  0 142 15 840  8 45589 16738 1.5 65 43 16 45 41% 151935 21467 59%
c u  4.26  0 142 15 840  8 45589 16692 1.5 65 43 16 45 41% 151935 21467 59%
c v  4.28  0 142 15 840  8 45589 16604 1.5 65 43 16 45 41% 151935 21467 59%
c w  4.28  0 142 15 840  8 45589 16598 1.5 65 43 16 45 41% 151935 21467 59%
c x  4.29  0 142 15 840  8 45589 16598 1.5 65 43 16 45 41% 151935 21467 59%
c }  4.61  0 138 15 946  8 50839 20400 1.5 61 40 16 45 42% 151935 21467 59%
c [  4.61  0 113 15 946  6 50839 20400 1.5 48 33 17 42 47% 151935 21467 59%
c -  4.70  0 123 16 947  6 51901 19321 1.5 47 32 17 42 49% 151935 21467 59%
c 
c  seconds   reductions  conflicts        size    tier2         variables
c         MB      restarts     redundant     glue     trail          remaining
c           level      rate         size/glue  tier1    irredundant
c 
c 2  4.70  0 123 16 947  6 51901 19319 1.5 47 32 17 42 49% 151935 21467 59%
c B  5.01  0 108 16 949  5 55093 21745 1.5 44 30 17 42 48% 151935 21467 59%
c s  5.19  0 104 16 949  5 56416 18163 1.5 44 30 17 42 48% 151753 21467 59%
c e  5.27  0 104 16 949  5 56416 17996 1.5 44 30 17 42 48% 151756 21383 59%
c s  5.33  0 104 16 949  5 56416 17084 1.5 44 30 17 42 48% 151756 21383 59%
c ^  5.34  0 104 16 949  5 56416 17084 1.5 44 30 17 42 48% 151756 21383 59%
c -  5.52  0 98 17 949  5 58630 17578 1.5 44 30 17 42 47% 151756 21383 59%
c 2  5.52  0 98 17 949  5 58630 17578 1.5 44 30 17 42 47% 151737 21383 59%
c -  6.04  0 116 18 950  4 65785 21806 1.6 45 28 17 42 49% 151737 21383 59%
c W  6.19  0 115 18 950  4 66095 22042 1.6 45 28 17 42 49% 151737 21383 59%
c ]  6.49  0 106 18 953  4 71088 25581 1.6 45 29 17 39 47% 151737 21383 59%
c {  6.49  0 138 18 953  8 71088 25581 1.5 61 40 16 45 42% 151737 21383 59%
c -  6.68  0 144 19 955  8 73367 24619 1.6 61 39 16 45 45% 151737 21383 59%
c F  7.02  0 138 19 1044  8 78096 27734 1.6 58 37 16 45 45% 151737 21383 59%
c -  7.27  0 136 20 1084  8 81373 27584 1.6 56 35 16 45 46% 151737 21383 59%
c s  7.65  0 129 20 1084  7 84689 26583 1.7 58 34 16 45 49% 151737 21383 59%
c s  7.73  0 129 20 1084  7 84689 26516 1.7 58 34 16 45 49% 151737 21383 59%
c ^  7.74  0 129 20 1084  7 84689 26516 1.7 58 34 16 45 49% 151737 21383 59%
c -  8.10  0 129 21 1104  7 89795 28122 1.8 57 32 16 45 51% 151737 21383 59%
c B  8.23  0 126 21 1176  7 91117 29039 1.8 57 32 16 45 50% 151737 21383 59%
c 
c  seconds   reductions   conflicts        size    tier2         variables
c         MB      restarts      redundant     glue     trail          remaining
c           level       rate         size/glue  tier1    irredundant
c 
c i  8.45  0 117 21 1488  7 96946 32512 1.7 55 32 16 45 47% 151737 21382 59%
c i  8.46  0 117 21 1498  7 97081 32622 1.7 55 32 16 45 47% 151737 21381 59%
c i  8.46  0 116 21 1498  7 97136 32669 1.7 55 32 16 45 47% 151737 21380 59%
c i  8.46  0 116 21 1498  7 97224 32737 1.7 54 32 16 45 46% 151737 21379 59%
c -  8.60  0 118 22 1800  7 98643 30457 1.7 56 33 16 45 46% 151692 21379 59%
c u  8.62  0 118 22 1800  7 98643 30425 1.7 56 33 16 45 46% 151692 21379 59%
c v  8.63  0 118 22 1800  7 98643 30379 1.7 56 33 16 45 46% 151692 21379 59%
c w  8.63  0 118 22 1800  7 98643 30379 1.7 56 33 16 45 46% 151692 21379 59%
c }  8.96  0 115 22 2038  7 103341 33617 1.7 54 33 16 45 45% 151692 21379 59%
c [  8.96  0 106 22 2038  4 103341 33617 1.6 45 29 17 39 47% 151692 21379 59%
c I  9.08  0 111 22 2039  4 105120 34979 1.5 46 30 17 39 47% 151692 21379 59%
c -  9.21  0 111 23 2041  4 107914 33346 1.5 45 30 17 39 44% 151692 21379 59%
c 2  9.21  0 111 23 2041  4 107914 33344 1.5 45 30 17 39 44% 151692 21379 59%
c d  9.22  0 111 23 2041  4 107914 33342 1.5 45 30 17 39 44% 151690 21377 59%
c 2  9.23  0 111 23 2041  4 107914 33342 1.5 45 30 17 39 44% 151686 21377 59%
c - 10.00  0 198 24 2046  5 117613 36551 1.4 53 37 17 39 45% 151686 21377 59%
c s 10.22  0 194 24 2047  5 118614 29448 1.4 53 37 17 39 44% 151686 21377 59%
c e 10.32  0 194 24 2047  5 118614 16257 1.4 53 37 17 39 44% 159554 14180 39%
c s 10.41  0 194 24 2047  5 118614 14901 1.4 53 37 17 39 44% 159554 14180 39%
c ^ 10.42  0 194 24 2047  5 118614 14901 1.4 53 37 17 39 44% 159554 14180 39%
c 
c  seconds   reductions   conflicts         size    tier2         variables
c         MB      restarts       redundant     glue     trail          remaining
c           level       rate          size/glue  tier1    irredundant
c 
c B 10.52  0 189 24 2048  5 120123 16139 1.4 52 36 17 39 29% 159554 14180 39%
c - 10.87  0 169 25 2050  5 127752 20618 1.4 50 35 17 39 21% 159554 14180 39%
c 2 10.87  0 169 25 2050  5 127752 20618 1.4 50 35 17 39 21% 158350 14180 39%
c i 10.89  0 169 25 2050  5 127832 20628 1.4 50 35 17 39 21% 158350 14179 39%
c W 11.72  0 204 25 2051  5 136124 19316 1.5 52 35 19 49 43% 158337 14179 39%
c - 11.88  0 200 26 2051  5 138516 19095 1.5 51 35 19 49 42% 158337 14179 39%
c ] 11.98  0 194 26 2051  5 140545 20824 1.5 53 34 19 49 40% 158337 14179 39%
c { 11.98  0 115 26 2051  7 140545 20824 1.7 54 33 16 45 69% 158337 14179 39%
c - 12.37  0 110 27 2415  7 149676 25262 1.6 52 32 16 45 64% 158337 14179 39%
c W 12.70  0 111 27 2623  8 153125 27765 1.6 52 32 16 45 62% 158337 14179 39%
c i 12.79  0 111 27 2860  8 155525 29494 1.6 52 32 16 45 61% 158337 14178 39%
c i 12.92  0 105 27 3040  8 160203 32260 1.6 51 32 16 45 57% 158337 14177 39%
c i 12.92  0 105 27 3052  8 160344 32371 1.6 51 32 16 45 56% 158337 14176 39%
c - 13.01  0 108 28 3205  8 161277 23720 1.6 53 33 16 45 56% 158190 14176 39%
c u 13.03  0 108 28 3205  8 161277 23559 1.6 53 33 16 45 56% 158190 14176 39%
c v 13.06  0 108 28 3205  8 161277 23464 1.6 53 33 16 45 56% 158190 14176 39%
c w 13.07  0 108 28 3205  8 161277 23455 1.6 53 33 16 45 56% 158190 14176 39%
c s 13.47  0 110 28 3616  8 167511 23626 1.5 53 35 16 45 53% 158143 14176 39%
c e 13.56  0 110 28 3616  8 167511 23379 1.5 53 35 16 45 53% 158329 14116 39%
c s 13.65  0 110 28 3616  8 167511 22587 1.5 53 35 16 45 53% 158322 14116 39%
c 
c  seconds   reductions   conflicts         size    tier2         variables
c         MB      restarts       redundant     glue     trail          remaining
c           level       rate          size/glue  tier1    irredundant
c 
c # 13.84  0 109 28 3669  8 171139 25144 1.6 53 34 16 45 53% 158322 14116 39%
c - 13.94  0 108 29 3816  8 173315 23790 1.6 53 34 16 45 52% 158322 14116 39%
c 2 13.94  0 108 29 3816  8 173315 23786 1.6 53 34 16 45 52% 158280 14116 39%
c d 13.95  0 108 29 3816  8 173315 23785 1.6 53 34 16 45 52% 158279 14115 39%
c 2 13.95  0 108 29 3816  8 173315 23785 1.6 53 34 16 45 52% 158275 14115 39%
c - 14.63  0 110 30 4183  8 185804 29998 1.6 51 33 16 45 53% 158275 14115 39%
c B 14.81  0 109 30 4589  8 190141 32891 1.6 51 33 16 45 52% 158275 14115 39%
c - 15.27  0 113 31 5313  8 198731 34910 1.5 55 37 16 45 51% 158275 14115 39%
c } 15.58  0 114 31 5607  8 204663 39252 1.5 55 37 14 42 50% 158275 14115 39%
c [ 15.58  0 194 31 5607  5 204663 39252 1.5 53 34 19 49 40% 158275 14115 39%
c O 15.84  0 187 31 5607  5 210152 43635 1.5 52 34 19 49 46% 158275 14115 39%
c - 15.98  0 184 32 5607  5 212097 38142 1.5 52 34 19 49 48% 158275 14115 39%
c s 16.75  0 172 32 5613  5 223312 41088 1.6 51 33 19 49 52% 158273 14115 39%
c s 16.92  0 172 32 5613  5 223312 37704 1.6 51 33 19 49 52% 158271 14115 39%
c - 17.05  0 168 33 5614  5 225909 34901 1.6 51 32 19 49 51% 158271 14115 39%
c B 17.29  0 163 33 5617  5 231155 39214 1.6 52 31 19 49 49% 158271 14115 39%
c - 17.74  0 165 34 5621  5 240163 41017 1.6 55 34 19 49 45% 158271 14115 39%
c u 17.81  0 165 34 5621  5 240163 40890 1.6 55 34 19 49 45% 158271 14115 39%
c v 17.82  0 165 34 5621  5 240163 40841 1.6 55 34 19 49 45% 158271 14115 39%
c w 17.82  0 165 34 5621  5 240163 40840 1.6 55 34 19 49 45% 158271 14115 39%
c 
c  seconds   reductions   conflicts         size    tier2         variables
c         MB      restarts       redundant     glue     trail          remaining
c           level       rate          size/glue  tier1    irredundant
c 
c i 18.09  0 157 34 5622  5 245642 44818 1.7 55 33 19 49 44% 158271 14114 39%
c W 18.84  0 153 34 5625  5 253159 31235 1.7 55 32 19 49 43% 158254 14114 39%
c - 18.99  0 151 35 5626  5 254857 29869 1.7 55 32 19 49 43% 158254 14114 39%
c 2 18.99  0 151 35 5626  5 254857 29866 1.7 55 32 19 49 43% 158254 14114 39%
c ] 19.50  0 144 35 5629  4 262061 35475 1.7 56 32 19 49 45% 158254 14114 39%
c { 19.50  0 114 35 5629  8 262061 35475 1.5 55 37 14 42 50% 158254 14114 39%
c - 20.10  0 118 36 6193  8 269995 39181 1.5 58 39 15 43 51% 158254 14114 39%
c W 20.52  0 114 36 6413  8 276177 43120 1.5 57 38 15 43 50% 158254 14114 39%
c i 20.53  0 114 36 6413  8 276426 43328 1.5 57 38 15 43 50% 158254 14113 39%
c - 20.97  0 112 37 6652  8 285580 45117 1.5 56 37 15 43 50% 158241 14113 39%
c s 21.20  0 112 37 6652  8 286083 40381 1.5 56 37 15 43 50% 158237 14113 39%
c s 21.37  0 112 37 6652  8 286083 38741 1.5 56 37 15 43 50% 158237 14113 39%
c ^ 21.38  0 112 37 6652  8 286083 38741 1.5 56 37 15 43 50% 158237 14113 39%
c F 22.04  0 107 37 7177  8 300178 48546 1.5 54 36 15 43 50% 158237 14113 39%
c - 22.14  0 108 38 7245  8 301601 44035 1.5 54 36 15 43 49% 158237 14113 39%
c 2 22.14  0 108 38 7245  8 301601 44034 1.5 54 36 15 43 49% 158237 14113 39%
c i 22.21  0 108 38 7294  8 302674 44852 1.5 54 35 15 43 49% 158237 14111 39%
c i 22.91  0 113 38 7944  8 315785 54440 1.5 55 37 15 43 48% 158237 14073 39%
c - 23.11  0 115 39 8031  8 318066 47750 1.5 57 38 15 43 48% 157746 14073 39%
c u 23.17  0 115 39 8031  8 318066 47615 1.5 57 38 15 43 48% 157746 14073 39%
c 
c  seconds   reductions   conflicts         size    tier2         variables
c         MB      restarts       redundant     glue     trail          remaining
c           level       rate          size/glue  tier1    irredundant
c 
c v 23.18  0 115 39 8031  8 318066 47408 1.5 57 38 15 43 48% 157746 14045 39%
c w 23.18  0 115 39 8031  8 318066 47403 1.5 57 38 15 43 48% 157746 14045 39%
c i 23.37  0 115 39 8124  8 321829 49995 1.5 56 37 15 43 48% 157746 14044 39%
c i 23.37  0 115 39 8124  8 321830 49995 1.5 56 37 15 43 48% 157746 14043 39%
c i 23.38  0 115 39 8126  8 322046 50156 1.5 56 37 15 43 48% 157746 14042 39%
c B 23.65  0 121 39 8683  8 325180 52756 1.4 61 42 15 43 48% 157746 14042 39%
c i 23.69  0 120 39 8697  8 327130 54021 1.5 61 42 15 43 47% 157746 14041 39%
c i 23.71  0 120 39 8763  8 327356 54217 1.4 61 42 15 43 47% 157746 14040 39%
c i 23.71  0 120 39 8785  8 327432 54286 1.4 61 42 15 43 47% 157746 13998 38%
c - 24.10  0 125 40 8859  8 334957 49739 1.5 60 40 13 42 47% 157073 13998 38%
c } 24.43  0 125 40 9139  8 339842 53613 1.5 61 41 13 42 48% 157073 13998 38%
c [ 24.43  0 144 40 9139  4 339842 53613 1.7 56 32 19 49 45% 157073 13998 38%
c i 24.54  0 145 40 9140  5 340860 54524 1.7 56 32 19 49 45% 157073 13996 38%
c i 24.93  0 154 40 9145  5 348557 60837 1.7 57 33 19 49 45% 157073 13995 38%
c I 25.09  0 157 40 9146  5 351185 62914 1.7 58 33 19 49 46% 157073 13995 38%
c i 25.09  0 157 40 9146  5 351316 63005 1.7 58 33 19 49 46% 157073 13955 38%
c - 25.15  0 156 41 9146  5 352262 54344 1.7 58 33 19 49 45% 156648 13955 38%
c 2 25.15  0 156 41 9146  5 352262 54344 1.7 58 33 19 49 45% 156648 13951 38%
c s 25.55  0 174 41 9147  5 355823 52666 1.7 58 33 19 49 46% 156624 13951 38%
c e 25.73  0 174 41 9147  5 355823 25306 1.7 58 33 19 49 46% 185349 10375 29%
c 
c  seconds   reductions   conflicts         size    tier2         variables
c         MB      restarts       redundant     glue     trail          remaining
c           level       rate          size/glue  tier1    irredundant
c 
c s 25.84  0 174 41 9147  5 355823 24768 1.7 58 33 19 49 46% 185349 10375 29%
c - 26.92  0 200 42 9148  5 369991 30095 2.0 72 37 19 49 70% 185349 10375 29%
c 2 26.92  0 200 42 9148  5 369991 30093 2.0 72 37 19 49 70% 183572 10375 29%
c B 27.50  0 202 42 9148  5 378186 36175 2.0 77 39 19 49 65% 183572 10375 29%
c - 28.03  0 195 43 9149  5 389272 38997 2.0 77 39 19 49 68% 183572 10375 29%
c u 28.07  0 195 43 9149  5 389272 38880 2.0 77 39 19 49 68% 183572 10349 28%
c v 28.08  0 195 43 9149  5 389272 38807 2.0 77 39 19 49 68% 183572 10349 28%
c w 28.09  0 195 43 9149  5 389272 38804 2.0 77 39 19 49 68% 183572 10349 28%
c W 29.51  0 183 43 9149  4 406190 52080 2.0 75 37 16 50 73% 183022 10349 28%
c - 29.72  0 179 44 9149  4 408983 47345 2.0 75 37 16 50 74% 183022 10349 28%
c d 29.73  0 179 44 9149  4 408983 47343 2.0 75 37 16 50 74% 183020 10347 28%
c 2 29.75  0 179 44 9149  4 408983 47343 2.0 75 37 16 50 74% 183004 10347 28%
c ] 29.94  0 177 44 9149  4 411905 49716 2.0 75 37 16 50 74% 183004 10347 28%
c { 29.94  0 125 44 9149  8 411905 49716 1.5 61 41 13 42 65% 183004 10347 28%
c - 30.67  0 122 45 9947  8 429167 52617 1.5 61 39 13 42 61% 183004 10347 28%
c W 31.04  0 120 45 10083  8 435191 56652 1.6 61 39 13 42 61% 183004 10347 28%
c i 31.14  0 120 45 10127  8 436928 58005 1.6 60 39 13 42 61% 183004 10327 28%
c i 31.33  0 119 45 10352  7 441036 60780 1.6 60 38 13 42 61% 183004 10322 28%
c i 31.33  0 119 45 10364  8 441209 60936 1.6 60 38 13 42 61% 183004 10321 28%
c i 31.33  0 119 45 10364  8 441259 60982 1.6 60 38 13 42 61% 183004 10320 28%
c 
c  seconds   reductions    conflicts         size    tier2         variables
c         MB       restarts       redundant     glue     trail          remaining
c           level        rate          size/glue  tier1    irredundant
c 
c i 31.33  0 119 45 10364  8 441315 61029 1.6 60 38 13 42 61% 183004 10319 28%
c s 31.77  0 118 45 10553  7 447326 61111 1.6 59 38 13 42 60% 182963 10319 28%
c e 31.87  0 118 45 10553  7 447326 59782 1.6 59 38 13 42 60% 182578 10307 28%
c s 32.07  0 118 45 10553  7 447326 57768 1.6 59 38 13 42 60% 182578 10307 28%
c e 32.12  0 118 45 10553  7 447326 57418 1.6 59 38 13 42 60% 182569 10305 28%
c i 32.13  0 117 45 10561  7 447597 57558 1.6 59 38 13 42 60% 182569 10304 28%
c i 32.13  0 117 45 10561  7 447620 57570 1.6 59 38 13 42 60% 182569 10303 28%
c - 32.24  0 117 46 10613  7 449842 45983 1.6 59 37 13 42 59% 182513 10303 28%
c 2 32.24  0 117 46 10613  7 449842 45982 1.6 59 37 13 42 59% 182513 10302 28%
c i 32.27  0 117 46 10634  7 450185 46219 1.6 58 37 13 42 59% 182513 10301 28%
c i 32.27  0 117 46 10634  7 450220 46242 1.6 58 37 13 42 59% 182513 10300 28%
c i 32.27  0 117 46 10634  7 450431 46380 1.6 58 37 13 42 59% 182513 10299 28%
c i 32.29  0 117 46 10660  7 450697 46524 1.6 59 37 13 42 59% 182513 10298 28%
c i 32.29  0 117 46 10660  7 450710 46534 1.6 59 37 13 42 59% 182513 10297 28%
c i 32.29  0 117 46 10660  7 450713 46535 1.6 59 37 13 42 59% 182513 10296 28%
c i 32.29  0 117 46 10660  7 450714 46535 1.6 59 37 13 42 59% 182513 10295 28%
c i 32.29  0 117 46 10660  7 450715 46535 1.6 59 37 13 42 59% 182513 10294 28%
c i 32.29  0 117 46 10660  7 450781 46546 1.6 58 37 13 42 59% 182513 10293 28%
c i 32.32  0 116 46 10736  7 451867 47266 1.6 58 37 13 42 58% 182513 10248 28%
c i 32.32  0 116 46 10736  7 451871 47269 1.6 58 37 13 42 58% 182513 10247 28%
c 
c  seconds   reductions    conflicts         size    tier2         variables
c         MB       restarts       redundant     glue     trail          remaining
c           level        rate          size/glue  tier1    irredundant
c 
c i 32.32  0 116 46 10736  7 451886 47283 1.6 58 37 13 42 58% 182513 10228 28%
c # 33.00  0 110 46 10957  7 465193 56162 1.6 56 35 12 39 60% 182513 10211 28%
c i 33.07  0 110 46 10977  7 466853 56999 1.6 55 35 12 39 59% 182513 10210 28%
c i 33.15  0 109 46 10993  7 468591 58116 1.6 55 35 12 39 60% 182513 10209 28%
c - 33.26  0 107 47 10995  7 470991 49408 1.6 55 34 12 39 59% 181153 10209 28%
c 2 33.26  0 107 47 10995  7 470991 49407 1.6 55 34 12 39 59% 181153 10209 28%
c d 33.27  0 107 47 10995  7 470991 49399 1.6 55 34 12 39 59% 181150 10207 28%
c 2 33.28  0 107 47 10995  7 470991 49398 1.6 55 34 12 39 59% 181150 10207 28%
c i 33.29  0 107 47 10995  7 471338 49516 1.6 54 34 12 39 59% 181150 10206 28%
c i 33.95  0 109 47 11802  7 485781 60285 1.6 55 34 12 39 59% 181149 10146 28%
c i 33.96  0 109 47 11842  7 486050 60487 1.6 55 34 12 39 59% 181149 10145 28%
c i 33.96  0 109 47 11842  7 486060 60489 1.6 55 34 12 39 59% 181149 10087 28%
c i 33.96  0 109 47 11842  7 486061 60489 1.6 55 34 12 39 59% 181149 10086 28%
c - 34.22  0 110 48 12230  7 492575 46989 1.6 55 34 12 39 58% 179099 10086 28%
c 2 34.23  0 110 48 12230  7 492575 46988 1.6 55 34 12 39 58% 179099 10086 28%
c d 34.24  0 110 48 12230  7 492575 46840 1.6 55 34 12 39 58% 179093 10079 28%
c u 34.29  0 110 48 12230  7 492575 46676 1.6 55 34 12 39 58% 179053 9972 27%
c v 34.30  0 110 48 12230  7 492575 46635 1.6 55 34 12 39 58% 179053 9971 27%
c w 34.30  0 110 48 12230  7 492575 46504 1.6 55 34 12 39 58% 179053 9971 27%
c x 34.31  0 110 48 12230  7 492575 46504 1.6 55 34 12 39 58% 179053 9971 27%
c 
c  seconds   reductions    conflicts         size    tier2        variables
c         MB       restarts       redundant     glue     trail         remaining
c           level        rate          size/glue  tier1    irredundant
c 
c i 34.39  0 110 48 12360  7 494475 47538 1.6 55 34 12 39 58% 179053 9962 27%
c B 34.48  0 111 48 12432  7 496195 48836 1.6 55 34 12 39 58% 179053 9962 27%
c i 34.50  0 111 48 12434  7 496862 49307 1.6 56 34 12 39 58% 179053 9843 27%
c i 34.52  0 111 48 12436  7 497241 49553 1.6 56 34 12 39 58% 179053 9841 27%
c i 34.84  0 107 48 12478  7 506217 56488 1.7 56 33 12 39 58% 179053 9839 27%
c i 34.85  0 107 48 12478  7 506335 56581 1.7 56 33 12 39 58% 179053 9838 27%
c i 34.85  0 107 48 12478  7 506336 56581 1.7 56 33 12 39 58% 179053 9837 27%
c i 34.85  0 107 48 12478  7 506337 56581 1.7 56 33 12 39 58% 179053 9836 27%
c i 34.85  0 107 48 12478  7 506338 56581 1.7 56 33 12 39 58% 179053 9835 27%
c i 34.85  0 107 48 12478  7 506339 56581 1.7 56 33 12 39 58% 179053 9834 27%
c i 34.85  0 107 48 12478  7 506340 56581 1.7 56 33 12 39 58% 179053 9833 27%
c i 34.92  0 107 48 12480  6 509002 58486 1.7 57 33 12 39 58% 179053 9832 27%
c i 34.94  0 107 48 12485  6 509209 58659 1.7 57 32 12 39 58% 179053 9830 27%
c i 34.94  0 107 48 12486  6 509213 58661 1.7 57 32 12 39 58% 179053 9829 27%
c i 35.07  0 108 48 12836  6 512779 61110 1.7 57 33 12 39 58% 179053 9828 27%
c i 35.07  0 108 48 12836  6 512780 61110 1.7 57 33 12 39 58% 179053 9827 27%
c i 35.07  0 108 48 12836  6 512788 61113 1.7 57 33 12 39 58% 179053 9826 27%
c i 35.07  0 108 48 12836  6 512802 61123 1.7 57 33 12 39 58% 179053 9825 27%
c i 35.08  0 108 48 12836  6 513072 61320 1.7 57 33 12 39 58% 179053 9824 27%
c i 35.08  0 108 48 12836  6 513286 61443 1.7 57 33 12 39 58% 179053 9823 27%
c 
c  seconds   reductions    conflicts         size    tier2        variables
c         MB       restarts       redundant     glue     trail         remaining
c           level        rate          size/glue  tier1    irredundant
c 
c i 35.08  0 108 48 12836  6 513320 61466 1.7 57 33 12 39 58% 179053 9822 27%
c i 35.12  0 108 48 12838  6 514418 62346 1.7 57 33 12 39 58% 179053 9821 27%
c i 35.12  0 108 48 12838  6 514419 62346 1.7 57 33 12 39 58% 179053 9820 27%
c i 35.12  0 108 48 12838  6 514420 62346 1.7 57 33 12 39 58% 179053 9819 27%
c i 35.12  0 108 48 12838  6 514421 62346 1.7 57 33 12 39 58% 179053 9818 27%
c i 35.12  0 108 48 12838  6 514422 62346 1.7 57 33 12 39 58% 179053 9817 27%
c i 35.12  0 108 48 12838  6 514424 62347 1.7 57 33 12 39 58% 179053 9816 27%
c i 35.12  0 108 48 12838  6 514425 62347 1.7 57 33 12 39 58% 179053 9815 27%
c i 35.12  0 108 48 12838  6 514426 62347 1.7 57 33 12 39 58% 179053 9814 27%
c - 35.17  0 108 49 12838  6 514561 50502 1.7 57 33 12 39 58% 174805 9814 27%
c 2 35.17  0 108 49 12838  6 514561 50501 1.7 57 33 12 39 58% 174805 9812 27%
c d 35.18  0 108 49 12838  6 514561 50266 1.7 57 33 12 39 58% 174776 9811 27%
c 2 35.19  0 108 49 12838  6 514561 50261 1.7 57 33 12 39 58% 174776 9811 27%
c t 35.20  0 108 49 12838  6 514561 50261 1.7 57 33 12 39 58% 174741 9811 27%
c i 35.23  0 107 49 12838  6 515319 50821 1.7 57 33 12 39 58% 174741 9810 27%
c i 35.52  0 105 49 13232  6 524049 56982 1.8 57 32 12 39 59% 174741 9809 27%
c i 35.65  0 104 49 13457  6 527538 58934 1.8 57 32 12 39 58% 174741 9808 27%
c W 36.00  0 103 49 13457  6 528202 59386 1.8 57 32 12 39 58% 174679 9808 27%
c i 36.03  0 103 49 13457  6 529530 60237 1.8 56 32 10 35 58% 174679 9807 27%
c i 36.15  0 104 49 13654  6 532074 61652 1.7 56 32 10 35 58% 174679 9805 27%
c 
c  seconds   reductions    conflicts         size    tier2        variables
c         MB       restarts       redundant     glue     trail         remaining
c           level        rate          size/glue  tier1    irredundant
c 
c i 36.18  0 104 49 13666  6 532787 62114 1.7 56 32 10 35 58% 174679 9797 27%
c } 36.19  0 105 49 13666  6 533131 62316 1.7 56 32 10 35 58% 174679 9797 27%
c [ 36.19  0 177 49 13666  4 533131 62316 2.0 75 37 16 50 74% 174679 9797 27%
c i 36.37  0 176 49 13666  4 536416 64807 2.0 74 37 16 50 75% 174679 9796 27%
c - 36.40  0 176 50 13666  4 536843 51456 2.0 74 36 16 50 75% 174450 9796 27%
c k 36.42  0 176 50 13666  4 536843 51456 2.0 74 36 16 50 75% 174450 9792 27%
c i 36.61  0 172 50 13669  4 541486 55073 2.1 74 36 16 50 72% 174450 9791 27%
c i 36.62  0 172 50 13669  4 541714 55256 2.1 74 36 16 50 72% 174450 9790 27%
c i 36.76  0 169 50 13672  4 544810 57637 2.1 73 35 16 50 71% 174450 9789 27%
c s 37.12  0 168 50 13673  4 546856 53796 2.1 73 35 16 50 70% 173840 9789 27%
c e 37.18  0 168 50 13673  4 546856 49997 2.1 73 35 16 50 70% 173885 9657 27%
c s 37.37  0 168 50 13673  4 546856 48555 2.1 73 35 16 50 70% 173822 9657 27%
c - 38.40  0 153 51 13680  4 559587 50961 2.2 75 33 16 50 65% 173822 9657 27%
c 2 38.40  0 153 51 13680  4 559587 50957 2.2 75 33 16 50 65% 173778 9657 27%
c d 38.41  0 153 51 13680  4 559587 50951 2.2 75 33 16 50 65% 173777 9656 27%
c p 38.42  0 153 51 13680  4 559587 51002 2.2 75 33 16 50 65% 173777 9656 27%
c 2 38.43  0 153 51 13680  4 559587 51002 2.2 75 33 16 50 65% 173777 9649 27%
c i 38.65  0 151 51 13680  4 561117 51995 2.2 74 33 16 50 65% 173662 9647 27%
c i 38.65  0 151 51 13680  4 561129 52006 2.2 74 33 16 50 65% 173662 9646 27%
c O 38.66  0 151 51 13680  4 561203 52077 2.2 74 33 16 50 65% 173662 9646 27%
c 
c  seconds   reductions    conflicts         size    tier2        variables
c         MB       restarts       redundant     glue     trail         remaining
c           level        rate          size/glue  tier1    irredundant
c 
c i 39.11  0 156 51 13681  4 568410 57963 2.4 81 34 16 50 66% 173662 9645 27%
c i 39.30  0 153 51 13681  4 572246 61102 2.4 81 33 16 50 66% 173662 9644 27%
c i 39.67  0 146 51 13687  4 579465 66697 2.4 79 32 16 50 65% 173661 9643 27%
c i 39.70  0 146 51 13687  4 579946 67097 2.5 79 32 16 50 65% 173661 9642 26%
c i 39.79  0 145 51 13688  4 582029 68680 2.5 80 32 16 50 65% 173661 9641 26%
c - 39.88  0 144 52 13688  4 582784 62123 2.5 80 32 16 50 65% 173518 9641 26%
c 2 39.88  0 144 52 13688  4 582784 62123 2.5 80 32 16 50 65% 173518 9640 26%
c d 39.91  0 144 52 13688  4 582784 62117 2.5 80 32 16 50 65% 173492 9639 26%
c p 39.91  0 144 52 13688  4 582784 62160 2.5 80 32 16 50 65% 173492 9639 26%
c k 39.92  0 144 52 13688  4 582784 62160 2.5 80 32 16 50 65% 173492 9638 26%
c 2 39.92  0 144 52 13688  4 582784 62160 2.5 80 32 16 50 65% 173484 9638 26%
c u 39.97  0 144 52 13688  4 582784 61935 2.5 80 32 16 50 65% 173484 9617 26%
c v 39.98  0 144 52 13688  4 582784 61913 2.5 80 32 16 50 65% 173484 9617 26%
c w 39.99  0 144 52 13688  4 582784 61755 2.5 80 32 16 50 65% 173484 9617 26%
c t 40.00  0 144 52 13688  4 582784 61755 2.5 80 32 16 50 65% 173348 9617 26%
c i 40.53  0 139 52 13692  4 592695 68804 2.5 79 32 16 50 64% 173348 9610 26%
c B 40.72  0 146 52 13694  4 595205 70901 2.4 80 33 12 40 64% 173348 9610 26%
c i 40.99  0 142 52 13695  4 599481 74197 2.5 81 33 12 40 63% 173348 9609 26%
c i 41.12  0 141 52 13696  4 601850 76037 2.5 81 33 12 40 63% 173348 9595 26%
c ] 41.13  0 141 52 13696  4 602338 76400 2.5 81 33 12 40 63% 173348 9595 26%
c 
c  seconds   reductions    conflicts         size    tier2        variables
c         MB       restarts       redundant     glue     trail         remaining
c           level        rate          size/glue  tier1    irredundant
c 
c { 41.13  0 105 52 13696  6 602338 76400 1.7 56 32 10 35 58% 173348 9595 26%
c i 41.23  0 104 52 13742  6 604584 77936 1.8 56 32 10 35 58% 173348 9594 26%
c i 41.28  0 103 52 13746  6 605992 78998 1.8 56 32 10 35 58% 173348 9558 26%
c - 41.37  0 103 53 13776  6 606440 65355 1.8 56 32 10 35 58% 171891 9556 26%
c 2 41.38  0 103 53 13776  6 606440 65351 1.8 56 32 10 35 58% 171891 9555 26%
c d 41.39  0 103 53 13776  6 606440 65333 1.8 56 32 10 35 58% 171874 9554 26%
c p 41.39  0 103 53 13776  6 606440 65367 1.8 56 32 10 35 58% 171874 9552 26%
c d 41.42  0 103 53 13776  6 606440 65318 1.8 56 32 10 35 58% 171792 9547 26%
c k 41.43  0 103 53 13776  6 606440 65318 1.8 56 32 10 35 58% 171792 9497 26%
c 2 41.43  0 103 53 13776  6 606440 65318 1.8 56 32 10 35 58% 171744 9497 26%
c t 41.44  0 103 53 13776  6 606440 65318 1.8 56 32 10 35 58% 171209 9497 26%
c i 41.63  0 102 53 13904  6 610878 68749 1.8 56 31 10 35 58% 171209 9496 26%
c i 41.64  0 101 53 13904  6 611231 69047 1.8 56 31 10 35 58% 171209 9495 26%
c i 41.65  0 101 53 13904  6 611287 69086 1.8 56 31 10 35 58% 171209 9494 26%
c i 41.70  0 103 53 13920  6 611825 69588 1.8 56 31 10 35 57% 171209 9478 26%
c i 41.70  0 103 53 13920  6 611894 69641 1.8 56 31 10 35 57% 171209 9472 26%
c i 41.80  0 102 53 13968  6 614345 71433 1.8 56 31 10 35 57% 171209 9471 26%
c i 41.85  0 102 53 13968  6 615306 72130 1.8 56 31 10 35 57% 171209 9470 26%
c i 41.85  0 102 53 13968  6 615386 72178 1.8 56 31 10 35 57% 171209 9454 26%
c i 41.86  0 102 53 13969  6 615392 72181 1.8 56 31 10 35 57% 171209 9453 26%
c 
c  seconds   reductions    conflicts         size    tier2        variables
c         MB       restarts       redundant     glue     trail         remaining
c           level        rate          size/glue  tier1    irredundant
c 
c i 41.88  0 102 53 13997  6 615781 72468 1.8 56 31 10 35 57% 171209 9448 26%
c i 41.97  0 101 53 14033  6 617669 73819 1.8 56 31 10 35 57% 171209 9447 26%
c i 41.97  0 101 53 14033  6 617673 73821 1.8 56 31 10 35 57% 171209 9446 26%
c i 41.97  0 101 53 14033  6 617675 73822 1.8 56 31 10 35 57% 171209 9445 26%
c i 41.97  0 101 53 14033  6 617677 73823 1.8 56 31 10 35 57% 171209 9444 26%
c i 41.97  0 101 53 14033  6 617679 73824 1.8 56 31 10 35 57% 171209 9443 26%
c i 42.01  0 100 53 14033  6 618299 74262 1.8 56 30 10 35 57% 171209 9442 26%
c i 42.01  0 100 53 14033  6 618301 74261 1.8 56 30 10 35 57% 171209 9441 26%
c i 42.04  0 100 53 14033  6 618882 74684 1.8 56 30 10 35 57% 171209 9440 26%
c i 42.04  0 100 53 14033  6 618883 74684 1.8 56 30 10 35 57% 171209 9439 26%
c i 42.14  0 101 53 14079  6 620795 76231 1.9 56 30 10 35 57% 171209 9438 26%
c i 42.14  0 101 53 14081  6 620799 76234 1.9 56 30 10 35 57% 171209 9437 26%
c i 42.14  0 101 53 14081  6 620800 76234 1.9 56 30 10 35 57% 171209 9436 26%
c i 42.14  0 101 53 14081  6 620801 76234 1.9 56 30 10 35 57% 171209 9435 26%
c i 42.14  0 101 53 14082  6 620802 76234 1.9 56 30 10 35 57% 171209 9434 26%
c i 42.14  0 101 53 14082  6 620803 76234 1.9 56 30 10 35 57% 171209 9433 26%
c i 42.34  0 100 53 14260  6 624647 79274 1.9 56 30 10 35 57% 171209 9416 26%
c i 42.62  0 97 53 14260  6 628937 82690 1.9 57 29 10 35 57% 171209 9415 26%
c i 42.68  0 96 53 14261  5 629808 83275 1.9 56 29 10 35 57% 171209 9414 26%
c i 42.68  0 96 53 14261  5 629809 83275 1.9 56 29 10 35 57% 171209 9413 26%
c 
c  seconds  reductions    conflicts         size    tier2        variables
c         MB      restarts       redundant     glue     trail         remaining
c          level        rate          size/glue  tier1    irredundant
c 
c i 42.68  0 96 53 14261  5 629810 83275 1.9 56 29 10 35 57% 171209 9412 26%
c i 42.68  0 96 53 14261  5 629811 83275 1.9 56 29 10 35 57% 171209 9411 26%
c i 42.68  0 96 53 14261  5 629812 83275 1.9 56 29 10 35 57% 171209 9410 26%
c F 42.70  0 96 53 14261  5 630206 83586 1.9 56 29 10 35 57% 171209 9410 26%
c i 42.70  0 96 53 14261  5 630206 83586 1.9 56 29 10 35 57% 171209 9409 26%
c i 42.70  0 96 53 14261  5 630212 83588 1.9 56 29 10 35 57% 171209 9379 26%
c i 42.70  0 96 53 14261  5 630251 83614 1.9 56 29 10 35 57% 171209 9378 26%
c - 42.78  0 96 54 14261  5 630487 70766 1.9 56 29 10 35 57% 168296 9373 26%
c 2 42.79  0 96 54 14261  5 630487 70766 1.9 56 29 10 35 57% 168296 9372 26%
c p 42.79  0 96 54 14261  5 630487 70798 1.9 56 29 10 35 57% 168296 9372 26%
c k 42.80  0 96 54 14261  5 630487 70798 1.9 56 29 10 35 57% 168296 9328 26%
c k 42.81  0 96 54 14261  5 630487 70798 1.9 56 29 10 35 57% 168296 9320 26%
c i 42.86  0 96 54 14278  5 630849 70205 1.9 56 29 10 35 39% 167124 9316 26%
c i 42.87  0 96 54 14285  5 630938 70274 1.9 56 29 10 35 44% 167124 9315 26%
c - 44.32  0 86 55 14386  5 654825 79940 2.1 56 27 10 35 52% 167022 9315 26%
c p 44.34  0 86 55 14386  5 654825 79949 2.1 56 27 10 35 52% 167022 9314 26%
c d 44.36  0 86 55 14386  5 654825 79947 2.1 56 27 10 35 52% 166981 9313 26%
c 2 44.38  0 86 55 14386  5 654825 79947 2.1 56 27 10 35 52% 166973 9313 26%
c u 44.42  0 86 55 14386  5 654825 79871 2.1 56 27 10 35 52% 166973 9313 26%
c v 44.43  0 86 55 14386  5 654825 79782 2.1 56 27 10 35 52% 166973 9312 26%
c 
c  seconds  reductions    conflicts         size    tier2        variables
c         MB      restarts       redundant     glue     trail         remaining
c          level        rate          size/glue  tier1    irredundant
c 
c w 44.43  0 86 55 14386  5 654825 79752 2.1 56 27 10 35 52% 166973 9312 26%
c x 44.45  0 86 55 14386  5 654825 79752 2.1 56 27 10 35 52% 166965 9312 26%
c t 44.46  0 86 55 14386  5 654825 79752 2.1 56 27 10 35 52% 166671 9312 26%
c s 44.83  0 86 55 14386  5 655274 75670 2.1 56 27 10 35 52% 165789 9312 26%
c e 44.91  0 86 55 14386  5 655274 57360 2.1 56 27 10 35 52% 166255 9204 25%
c s 45.17  0 86 55 14386  5 655274 56182 2.1 56 27 10 35 52% 166230 9204 25%
c e 45.19  0 86 55 14386  5 655274 55651 2.1 56 27 10 35 52% 166243 9203 25%
c i 45.34  0 85 55 14390  5 657763 57547 2.1 56 26 10 35 52% 166243 9201 25%
c B 45.78  0 84 55 14605  5 666207 63730 2.1 56 26 8 27 52% 166243 9201 25%
c i 46.18  0 80 55 14643  5 672970 68356 2.2 55 25 8 27 51% 166243 9200 25%
c i 46.27  0 80 55 14669  5 675184 69395 2.2 54 25 8 27 50% 166243 9199 25%
c i 46.32  0 80 55 14695  5 676503 70336 2.2 54 25 8 27 50% 166243 9189 25%
c i 46.33  0 79 55 14696  5 676793 70483 2.2 54 25 8 27 50% 166243 9188 25%
c i 46.41  0 79 55 14899  5 678332 71649 2.2 54 25 8 27 49% 166243 9187 25%
c i 46.41  0 79 55 14904  5 678402 71673 2.2 54 25 8 27 49% 166243 9186 25%
c i 46.41  0 79 55 14904  5 678512 71729 2.2 54 25 8 27 49% 166243 9185 25%
c i 46.42  0 79 55 14904  5 678590 71770 2.2 54 25 8 27 49% 166243 9184 25%
c - 46.53  0 79 56 14978  5 679561 54428 2.2 54 25 8 27 49% 164880 9184 25%
c 2 46.53  0 79 56 14978  5 679561 54416 2.2 54 25 8 27 49% 164818 9173 25%
c p 46.54  0 79 56 14978  5 679561 54430 2.2 54 25 8 27 49% 164818 9173 25%
c 
c  seconds  reductions    conflicts         size   tier2        variables
c         MB      restarts       redundant     glue    trail         remaining
c          level        rate          size/glue  tier1   irredundant
c 
c k 46.54  0 79 56 14978  5 679561 54430 2.2 54 25 8 27 49% 164818 9172 25%
c } 47.29  0 74 56 15082  4 691551 63343 2.2 53 24 8 27 49% 164818 9172 25%
c [ 47.29  0 141 56 15082  4 691551 63343 2.5 81 33 12 40 70% 164818 9172 25%
c i 47.33  0 140 56 15082  4 692093 63631 2.5 81 33 12 40 70% 164818 9171 25%
c i 47.60  0 140 56 15082  4 696352 67196 2.5 81 33 12 40 69% 164818 9170 25%
c i 47.83  0 139 56 15083  4 699202 69419 2.4 81 33 12 40 68% 164818 9169 25%
c i 47.83  0 139 56 15083  4 699221 69437 2.4 81 33 12 40 68% 164818 9168 25%
c i 47.83  0 139 56 15083  4 699222 69437 2.4 81 33 12 40 68% 164818 9167 25%
c i 47.83  0 139 56 15083  4 699223 69437 2.4 81 33 12 40 68% 164818 9166 25%
c W 49.00  0 136 56 15083  4 703208 57918 2.5 80 33 12 40 67% 160901 9166 25%
c - 49.11  0 134 57 15083  4 704646 52185 2.5 80 33 12 40 66% 160901 9166 25%
c 2 49.12  0 134 57 15083  4 704646 52185 2.5 80 33 12 40 66% 160901 9165 25%
c p 49.12  0 134 57 15083  4 704646 52250 2.5 80 33 12 40 66% 160901 9165 25%
c k 49.13  0 134 57 15083  4 704646 52250 2.5 80 33 12 40 66% 160901 9151 25%
c u 49.16  0 134 57 15083  4 704646 52149 2.5 80 33 12 40 66% 160901 9131 25%
c v 49.17  0 134 57 15083  4 704646 52120 2.5 80 33 12 40 66% 160901 9131 25%
c w 49.18  0 134 57 15083  4 704646 52119 2.5 80 33 12 40 66% 160901 9131 25%
c x 49.19  0 134 57 15083  4 704646 52118 2.5 80 33 12 40 66% 160899 9131 25%
c i 49.74  0 129 57 15083  3 712034 57507 2.5 78 32 12 40 64% 160899 7527 21%
c i 50.97  0 116 57 15090  3 728336 57845 2.5 74 30 9 34 37% 129770 6851 19%
c 
c  seconds   reductions    conflicts         size   tier2        variables
c         MB       restarts       redundant     glue    trail         remaining
c           level        rate          size/glue  tier1   irredundant
c 
c i 50.97  0 116 57 15090  3 728338 57846 2.5 74 30 9 34 37% 129770 5955 16%
c ] 51.00  0 116 57 15090  3 728340 11576 2.5 74 30 9 34  2% 80737 5796 16%
c 0 51.00  0 116 57 15090  3 728340 11576 2.5 74 30 9 34  2% 80737 5796 16%
c 
c --- [ closing proof ] ------------------------------------------------------
c 
c LRAT proof file 'scratch/order100-global-profile0-final.lrat' closed
c LRAT 1379079 added clauses 48.36%
c LRAT 1472485 deleted clauses 51.64%
c LRAT 1975251213 bytes (1883.75 MB)
c 
c --- [ result ] -------------------------------------------------------------
c 
s UNSATISFIABLE
c 
c --- [ run-time profiling ] -------------------------------------------------
c 
c process time taken by individual solving procedures
c (percentage relative to process time for solving)
c 
c        44.70   87.73% search
c        22.31   43.79% unstable
c        19.10   37.49% stable
c         6.25   12.27% simplify
c         3.24    6.37% walk
c         3.20    6.28% subsume
c         1.02    2.00% elim
c         0.53    1.03% vivify
c         0.33    0.66% sweep
c         0.16    0.31% backbone
c         0.13    0.26% congruence
c         0.05    0.10% parse
c         0.05    0.09% probe
c         0.04    0.08% ternary
c         0.04    0.08% lucky
c   =================================
c        50.95   99.90% solve
c 
c last line shows process time for solving
c (percentage relative to total process time)
c 
c --- [ statistics ] ---------------------------------------------------------
c 
c chronological:            398531        54.72 %  of conflicts
c conflicts:                728340     14294.74    per second
c backbone:                7458280     20496.54 %  of vars
c decisions:               3800296     74586.39    per second
c eliminated:                26080        71.67 %  of all variables
c fixed:                      4487        12.33 %  of all variables
c learned:                  663225        91.06 %  per conflict
c learned_lits:          117282128       100.00 %  learned literals
c minimized:                     0         0.00 %  learned literals
c shrunken:               68250586        58.19 %  learned literals
c minishrunken:            7801652         6.65 %  learned literals
c otfs:                       3823         0.52 %  of conflict
c propagations:          199726793         3.92 M  per second
c reduced:                  245003        33.64 %  per conflict
c rephased:                     37     19684.86    interval
c restarts:                  15090        48.27    interval
c stabilizing:                   9        42.42 %  of conflicts
c substituted:                  25         0.07 %  of all variables
c subsumed:                 268679        24.91 %  of all clauses
c strengthened:             273587        25.37 %  of all clauses
c ticks:                1112353936         6.45    propagation
c vivified:                   4576         0.42 %  of all clauses
c walked:                       11     66212.73    interval
c weakened:                 140717         2.05    average size
c congruence:                    9     80926.67    interval
c 
c seconds are measured in process time for solving
c 
c --- [ glue usage ] ---------------------------------------------------------
c 
c focused glue 8 used 60896 clauses 5.060% accumulated 56.99% tier1
c focused glue 9 used 50830 clauses 4.223% accumulated 61.21%
c focused glue 10-25 used 287510 clauses 23.89% accumulated 85.10%
c focused glue 26 used 12018 clauses 0.998% accumulated 86.10%
c focused glue 27 used 9197 clauses 0.764% accumulated 86.87% tier2
c 
c stable glue 9 used 37007 clauses 3.308% accumulated 52.71% tier1
c stable glue 10 used 34680 clauses 3.100% accumulated 55.81%
c stable glue 11-31 used 335353 clauses 29.97% accumulated 85.79%
c stable glue 32 used 6866 clauses 0.613% accumulated 86.41%
c stable glue 33 used 5714 clauses 0.510% accumulated 86.92% tier2
c 
c 
c --- [ resources ] ----------------------------------------------------------
c 
c total process time since initialization:        51.00    seconds
c total real time since initialization:           84.92    seconds
c maximum resident set size of process:          408.69    MB
c 
c --- [ shutting down ] ------------------------------------------------------
c 
c exit 20
