order-100 exact row-star incidence relaxation: PASS
canonical_profile_pairs=1002
surviving_profiles=3
total_search_nodes=2543
pair_subset_queries=1066
census_sha256=d6d05a654820f3e72a19a573f4cbf0e2ad416e5ca754be91ebfcaec806b12ac8
survivor_sha256=f7c1791167efed6d82cd68f0e045858d6415bc0fd5c127a8d1762fd9b95ebf1a
scope=exact pair-kernel row/column-star relaxation; first matrix per profile; no global graph realization
canonical_frontier_survivor=
{
  "x": [
    2,
    2,
    1,
    1,
    0,
    0,
    0,
    0
  ],
  "y": [
    0,
    0,
    0,
    0,
    2,
    2,
    1,
    1
  ],
  "matrix": [
    [
      2,
      0,
      2,
      2,
      0,
      0,
      1,
      0
    ],
    [
      0,
      2,
      2,
      2,
      0,
      0,
      0,
      1
    ],
    [
      2,
      0,
      1,
      0,
      1,
      0,
      0,
      2
    ],
    [
      0,
      2,
      0,
      1,
      0,
      1,
      0,
      2
    ],
    [
      1,
      0,
      0,
      0,
      2,
      0,
      2,
      0
    ],
    [
      0,
      1,
      0,
      0,
      0,
      2,
      2,
      0
    ],
    [
      0,
      0,
      0,
      0,
      2,
      2,
      1,
      0
    ],
    [
      0,
      0,
      0,
      0,
      2,
      2,
      0,
      1
    ]
  ],
  "row_stars": [
    [
      [
        0,
        [
          0,
          3
        ]
      ],
      [
        2,
        [
          1,
          4
        ]
      ],
      [
        3,
        [
          2,
          5
        ]
      ],
      [
        6,
        [
          6
        ]
      ]
    ],
    [
      [
        1,
        [
          0,
          3
        ]
      ],
      [
        2,
        [
          1,
          4
        ]
      ],
      [
        3,
        [
          2,
          5
        ]
      ],
      [
        7,
        [
          6
        ]
      ]
    ],
    [
      [
        2,
        [
          0
        ]
      ],
      [
        0,
        [
          1,
          4
        ]
      ],
      [
        7,
        [
          2,
          5
        ]
      ],
      [
        4,
        [
          3
        ]
      ]
    ],
    [
      [
        3,
        [
          0
        ]
      ],
      [
        1,
        [
          1,
          4
        ]
      ],
      [
        7,
        [
          2,
          5
        ]
      ],
      [
        5,
        [
          3
        ]
      ]
    ],
    [
      [
        6,
        [
          1,
          4
        ]
      ],
      [
        4,
        [
          0,
          2
        ]
      ],
      [
        0,
        [
          3
        ]
      ]
    ],
    [
      [
        6,
        [
          1,
          4
        ]
      ],
      [
        5,
        [
          0,
          2
        ]
      ],
      [
        1,
        [
          3
        ]
      ]
    ],
    [
      [
        6,
        [
          0
        ]
      ],
      [
        4,
        [
          1,
          3
        ]
      ],
      [
        5,
        [
          2,
          4
        ]
      ]
    ],
    [
      [
        7,
        [
          0
        ]
      ],
      [
        4,
        [
          1,
          3
        ]
      ],
      [
        5,
        [
          2,
          4
        ]
      ]
    ]
  ],
  "column_stars": [
    [
      [
        2,
        [
          1,
          4
        ]
      ],
      [
        0,
        [
          0,
          2
        ]
      ],
      [
        4,
        [
          3
        ]
      ]
    ],
    [
      [
        3,
        [
          1,
          4
        ]
      ],
      [
        1,
        [
          0,
          2
        ]
      ],
      [
        5,
        [
          3
        ]
      ]
    ],
    [
      [
        2,
        [
          0
        ]
      ],
      [
        0,
        [
          1,
          3
        ]
      ],
      [
        1,
        [
          2,
          4
        ]
      ]
    ],
    [
      [
        3,
        [
          0
        ]
      ],
      [
        0,
        [
          1,
          3
        ]
      ],
      [
        1,
        [
          2,
          4
        ]
      ]
    ],
    [
      [
        4,
        [
          0,
          3
        ]
      ],
      [
        6,
        [
          1,
          4
        ]
      ],
      [
        7,
        [
          2,
          5
        ]
      ],
      [
        2,
        [
          6
        ]
      ]
    ],
    [
      [
        5,
        [
          0,
          3
        ]
      ],
      [
        6,
        [
          1,
          4
        ]
      ],
      [
        7,
        [
          2,
          5
        ]
      ],
      [
        3,
        [
          6
        ]
      ]
    ],
    [
      [
        6,
        [
          0
        ]
      ],
      [
        4,
        [
          1,
          4
        ]
      ],
      [
        5,
        [
          2,
          5
        ]
      ],
      [
        0,
        [
          3
        ]
      ]
    ],
    [
      [
        7,
        [
          0
        ]
      ],
      [
        2,
        [
          1,
          4
        ]
      ],
      [
        3,
        [
          2,
          5
        ]
      ],
      [
        1,
        [
          3
        ]
      ]
    ]
  ]
}
