c --- [ banner ] -------------------------------------------------------------
c 
c CaDiCaL SAT Solver
c Copyright (c) 2016-2026
c A. Biere, M. Fleury, N. Froleyks, K. Fazekas, F. Pollitt, T. Faller
c JKU Linz, University of Freiburg, TU Wien
c 
c Version 3.0.1
c Apple clang version 21.0.0 (clang-2100.0.123.102) -Wall -Wextra -O3 -DNDEBUG -DNCLOSEFROM
c Sun Jul 19 15:40:55 UTC 2026 Darwin Tahoe-arm64.local 25.4.0 arm64
c 
c --- [ proof tracing ] ------------------------------------------------------
c 
c opening file to write 'scratch/order100-global-profile2-final.lrat'
c writing non-binary proof trace to 'scratch/order100-global-profile2-final.lrat'
c 
c --- [ parsing input ] ------------------------------------------------------
c 
c reading DIMACS file from 'scratch/order100-global-profile2-final.cnf'
c opening file to read 'scratch/order100-global-profile2-final.cnf'
c found 'p cnf 35988 882386' header
c parsed 882386 clauses in 0.25 seconds process time
c 
c --- [ options ] ------------------------------------------------------------
c 
c   --binary=false                 (different from default 'true')
c   --lrat=true                    (different from default 'false')
c 
c --- [ solving ] ------------------------------------------------------------
c 
c time measured in process time since initialization
c 
c  seconds  reduction conflicts       size tier2        variables
c         MB    restarts   redundant    glue  trail          remaining
c          level     rate       size/glu tier1  irredundant
c 
c *  0.25  0  0 0   0  0    0    0 0.0 0 0 2 6  0% 882378 35984 100%
c )  0.25  0  0 0   0  0    0    0 0.0 0 0 2 6  0% 882378 35984 100%
c {  0.25  0  0 0   0  0    0    0 0.0 0 0 2 6  0% 882378 35984 100%
c -  0.29  0 160 1   3 16  300  124 1.2 61 51 2 6  6% 882378 35984 100%
c i  0.30  0 131 1   3 15  381  169 1.2 53 45 2 6  6% 882378 35983 100%
c }  0.39  0 212 1  55 21 1040  723 1.4 137 99 2 6 15% 882378 35983 100%
c [  0.39  0  0 1  55  0 1040  723 0.0 0 0 2 6  0% 882378 35983 100%
c O  0.39  0  7 1  55  8 1041  724 1.2 7 6 2 6 10% 882378 35983 100%
c -  0.49  0 59 2  55  7 1142  376 1.0 29 28 2 6 13% 882372 35983 100%
c -  0.67  0 163 3  56  7 2784  628 1.4 44 32 2 6 24% 882372 35983 100%
c ]  0.69  0 177 3  56  7 2923  761 1.4 45 32 2 6 26% 882372 35983 100%
c {  0.69  0 212 3  56 21 2923  761 1.4 137 99 2 6 15% 882372 35983 100%
c O  0.72  0 235 3  62 20 3101  902 1.3 134 101 2 6 18% 882372 35983 100%
c i  0.73  0 212 3  63 18 3287 1036 1.3 119 89 2 6 19% 882372 35982 100%
c d  0.77  0 187 3  63 16 3535 1240 1.4 109 77 2 6 20% 882366 35981 100%
c -  0.99  0 121 4  63 10 5350 2360 1.7 79 47 18 28 18% 882366 35981 100%
c #  1.12  0 160 4 134 11 6121 3004 1.5 88 57 10 93 20% 882366 35981 100%
c -  1.39  0 115 5 175  9 8913 4518 1.6 71 44 8 29 23% 882366 35981 100%
c s  1.51  0 112 5 175  9 9232 4714 1.6 69 43 11 34 23% 881842 35981 100%
c e  1.66  0 112 5 175  9 9232 3924 1.6 69 43 11 34 23% 876579 21246 59%
c 
c  seconds   reduction conflicts       size    tier2         variables
c         MB     restarts   redundant     glue     trail          remaining
c           level     rate       size/glue  tier1    irredundant
c 
c s  1.68  0 112 5 175  9 9232 3924 1.6 69 43 11 34 23% 876357 21246 59%
c }  1.83  0 109 5 185  8 9740 4272 1.6 68 42 11 34 26% 876357 21246 59%
c [  1.83  0 177 5 185  7 9740 4272 1.4 45 32 2 6 43% 876357 21246 59%
c I  1.85  0 152 5 186  6 10124 4545 1.6 48 30 2 6 41% 876357 21246 59%
c i  1.95  0 81 5 188  5 13388 7047 1.7 40 24 10 35 20% 876357 21244 59%
c -  2.01  0 99 6 188  5 13505 4055 1.6 45 28 10 35 20% 876235 21244 59%
c 2  2.02  0 99 6 188  5 13505 4055 1.6 45 28 10 35 20% 875657 21244 59%
c B  2.20  0 135 6 189  5 15132 5513 1.4 72 51 10 35 24% 875657 21244 59%
c i  2.21  0 132 6 189  5 15321 5605 1.4 70 50 10 35 24% 875657 21243 59%
c -  2.43  0 192 7 190  9 19186 6292 1.3 67 52 10 35 21% 875647 21243 59%
c ]  2.53  0 205 7 191  8 20787 7585 1.3 65 49 10 35 22% 875647 21243 59%
c {  2.53  0 109 7 191  8 20787 7585 1.6 68 42 11 34 26% 875647 21243 59%
c B  2.55  0 111 7 191  8 21140 7855 1.6 67 41 11 34 31% 875647 21243 59%
c i  2.78  0 146 7 248  8 24949 10527 1.6 63 38 10 33 35% 875647 21242 59%
c -  2.89  0 144 8 249  8 25927 9120 1.6 60 36 10 33 35% 875642 21242 59%
c W  3.24  0 129 8 282  8 28141 10828 1.8 59 34 10 33 31% 875642 21242 59%
c i  3.31  0 136 8 439  9 28795 11394 1.7 66 39 10 33 30% 875642 21241 59%
c i  3.33  0 136 8 456  9 28977 11473 1.7 66 38 10 33 30% 875642 21240 59%
c s  3.49  0 140 8 463  8 30701 12801 1.7 63 37 10 33 36% 875225 21240 59%
c s  3.58  0 140 8 463  8 30701 12801 1.7 63 37 10 33 36% 874724 21240 59%
c 
c  seconds   reductions conflicts        size    tier2         variables
c         MB     restarts     redundant     glue     trail          remaining
c           level     rate         size/glue  tier1    irredundant
c 
c i  3.80  0 130 8 498  8 33211 14355 1.7 60 35 10 33 41% 874724 21239 59%
c -  3.91  0 128 9 556  8 33744 12655 1.7 59 35 10 33 42% 874721 21239 59%
c F  4.09  0 124 9 558  8 36142 14561 1.7 57 33 10 33 46% 874721 21239 59%
c }  4.40  0 144 9 1024  9 40446 17766 1.5 70 46 10 32 41% 874721 21239 59%
c [  4.40  0 205 9 1024  8 40446 17766 1.3 65 49 10 35 22% 874721 21239 59%
c -  4.57  0 212 10 1025  8 42661 15692 1.4 64 47 10 35 26% 874721 21239 59%
c W  4.78  0 199 10 1027  8 45143 17872 1.3 68 51 10 35 26% 874721 21239 59%
c -  5.43  0 216 11 1030  7 52686 16400 1.4 68 50 10 35 32% 874721 21239 59%
c O  5.59  0 217 11 1031  7 55149 18603 1.4 67 48 10 35 34% 874721 21239 59%
c ]  6.02  0 243 11 1031  6 58622 21596 1.4 76 54 10 35 39% 874721 21239 59%
c {  6.02  0 144 11 1031  9 58622 21596 1.5 70 46 10 32 41% 874721 21239 59%
c s  6.48  0 140 11 1176  8 62894 24513 1.5 67 44 10 32 43% 874719 21239 59%
c s  6.61  0 140 11 1176  8 62894 24505 1.5 67 44 10 32 43% 874613 21239 59%
c -  6.78  0 136 12 1176  8 63855 18644 1.5 66 43 10 32 44% 874613 21239 59%
c B  7.12  0 129 12 1244  8 66151 19964 1.5 63 42 10 32 43% 874613 21239 59%
c -  7.81  0 135 13 1750  9 76121 24120 1.5 62 40 12 40 41% 874613 21239 59%
c 2  7.81  0 135 13 1750  9 76121 24120 1.5 62 40 12 40 41% 874613 21237 59%
c W  8.08  0 133 13 1783  9 78153 25500 1.5 60 39 12 40 40% 874596 21237 59%
c i  8.15  0 134 13 1815  9 80496 27143 1.5 59 38 12 40 39% 874596 21236 59%
c -  8.80  0 143 14 2597  9 89513 28248 1.4 66 46 12 40 36% 874591 21236 59%
c 
c  seconds   reductions   conflicts        size    tier2         variables
c         MB      restarts      redundant     glue     trail          remaining
c           level       rate         size/glue  tier1    irredundant
c 
c #  8.93  0 143 14 2632  9 91154 29565 1.4 66 46 12 40 36% 874591 21236 59%
c i  8.93  0 143 14 2632  9 91202 29609 1.4 66 46 12 40 36% 874591 21234 59%
c i  9.12  0 157 14 2797  9 93622 31369 1.4 68 48 12 40 37% 874591 21233 59%
c }  9.20  0 159 14 2888 10 94156 31846 1.4 69 49 12 40 37% 874591 21233 59%
c [  9.20  0 243 14 2888  6 94156 31846 1.4 76 54 10 35 39% 874591 21233 59%
c i  9.48  0 292 14 2890  6 99369 36122 1.4 75 54 10 35 40% 874591 21231 59%
c -  9.78  0 293 15 2893  6 104035 30195 1.4 71 50 10 35 39% 874441 21231 59%
c B  9.84  0 285 15 2894  6 105155 31133 1.4 69 48 10 35 38% 874441 21231 59%
c s  9.97  0 281 15 2894  6 105836 31505 1.4 68 48 10 35 38% 853783 21231 59%
c e 10.02  0 281 15 2894  6 105836 31371 1.4 68 48 10 35 38% 853779 21225 59%
c s 10.13  0 281 15 2894  6 105836 31371 1.4 68 48 10 35 38% 831877 21225 59%
c - 11.14  0 245 16 2901  5 119694 37221 1.6 66 42 10 35 43% 831877 21225 59%
c 2 11.14  0 245 16 2901  5 119694 37221 1.6 66 42 10 35 43% 831877 21177 59%
c W 11.48  0 243 16 2902  5 120157 36144 1.6 66 42 10 35 43% 831535 21177 59%
c ] 12.09  0 225 16 2903  5 130267 44063 1.7 65 38 10 35 44% 831535 21177 59%
c { 12.09  0 159 16 2903 10 130267 44063 1.4 69 49 12 40 37% 831535 21177 59%
c i 12.32  0 153 16 2931  9 135233 47620 1.5 68 46 12 40 37% 831535 21176 59%
c B 12.37  0 152 16 2934  9 136158 48265 1.5 67 46 11 40 36% 831535 21176 59%
c - 12.46  0 152 17 2934  9 136300 42771 1.5 67 46 11 40 36% 831525 21176 59%
c i 12.89  0 152 17 3378 10 140649 45860 1.5 69 47 11 40 35% 831528 21090 59%
c 
c  seconds   reductions   conflicts         size    tier2         variables
c         MB      restarts       redundant     glue     trail          remaining
c           level       rate          size/glue  tier1    irredundant
c 
c i 12.90  0 152 17 3378 10 140851 45961 1.5 68 47 11 40 35% 831528 21012 58%
c i 13.29  0 158 17 3904 10 146367 50086 1.4 71 50 11 40 36% 831528 20964 58%
c W 13.88  0 152 17 3975  9 153159 50426 1.4 69 48 11 40 38% 830002 20964 58%
c - 14.00  0 151 18 4026  9 154021 42745 1.4 69 47 11 40 38% 830002 20964 58%
c 2 14.01  0 151 18 4026  9 154021 42743 1.4 69 47 11 40 38% 829999 20964 58%
c i 14.17  0 148 18 4081  9 155729 43804 1.4 68 47 11 40 38% 829999 20963 58%
c s 14.53  0 148 18 4083  9 158762 46107 1.5 67 46 11 40 40% 787332 20963 58%
c e 14.59  0 148 18 4083  9 158762 44386 1.5 67 46 11 40 40% 787096 20760 58%
c s 14.73  0 148 18 4083  9 158762 44386 1.5 67 46 11 40 40% 780124 20760 58%
c i 15.23  0 146 18 4108  8 163818 48485 1.5 67 44 11 40 42% 780124 20759 58%
c F 15.74  0 144 18 4240  8 171160 54176 1.5 65 43 11 40 43% 780124 20759 58%
c - 16.01  0 145 19 4389  8 172849 46549 1.5 66 43 11 40 43% 780115 20759 58%
c 2 16.01  0 145 19 4389  8 172849 46549 1.5 66 43 11 40 43% 780083 20759 58%
c i 16.27  0 145 19 4793  8 176935 49713 1.5 66 43 11 40 42% 780083 20758 58%
c i 16.28  0 145 19 4815  8 177019 49782 1.5 66 43 11 40 42% 780083 20757 58%
c } 16.63  0 154 19 5204  9 180260 52403 1.5 70 48 11 40 42% 780083 20757 58%
c [ 16.63  0 225 19 5204  5 180260 52403 1.7 65 38 10 35 44% 780083 20757 58%
c I 17.50  0 259 19 5205  5 190168 60531 1.7 77 45 10 35 45% 780083 20757 58%
c - 17.70  0 264 20 5205  5 192547 51858 1.7 76 44 10 35 45% 780064 20757 58%
c 2 17.71  0 264 20 5205  5 192547 51858 1.7 76 44 10 35 45% 780064 20755 58%
c 
c  seconds   reductions   conflicts         size    tier2         variables
c         MB      restarts       redundant     glue     trail          remaining
c           level       rate          size/glue  tier1    irredundant
c 
c u 17.89  0 264 20 5205  5 192547 50975 1.7 76 44 10 35 45% 780047 20611 57%
c v 17.91  0 264 20 5205  5 192547 50883 1.7 76 44 10 35 45% 780047 20610 57%
c w 17.92  0 264 20 5205  5 192547 50838 1.7 76 44 10 35 45% 780047 20610 57%
c x 17.96  0 264 20 5205  5 192547 50838 1.7 76 44 10 35 45% 780044 20610 57%
c B 19.65  0 229 20 5212  4 210170 64780 2.3 90 40 14 54 50% 780044 20610 57%
c - 20.12  0 222 21 5212  4 213303 52993 2.3 90 39 14 54 50% 778958 20610 57%
c 2 20.12  0 222 21 5212  4 213303 52987 2.3 90 39 14 54 50% 778958 20512 57%
c d 20.16  0 222 21 5212  4 213303 52319 2.3 90 39 14 54 50% 778429 20507 57%
c k 20.17  0 222 21 5212  4 213303 52319 2.3 90 39 14 54 50% 778429 20504 57%
c 2 20.18  0 222 21 5212  4 213303 52308 2.3 90 39 14 54 50% 778424 20502 57%
c ] 20.32  0 221 21 5212  4 214086 52933 2.3 91 39 14 54 50% 778424 20502 57%
c { 20.32  0 154 21 5212  9 214086 52933 1.5 70 48 11 40 42% 778424 20502 57%
c i 20.41  0 154 21 5247  9 215375 53961 1.5 70 47 11 40 42% 778424 20501 57%
c i 20.41  0 154 21 5247  9 215425 53975 1.5 70 47 11 40 42% 778424 20500 57%
c i 20.41  0 154 21 5247  9 215426 53975 1.5 70 47 11 40 42% 778424 20499 57%
c i 20.41  0 154 21 5247  9 215427 53975 1.5 70 47 11 40 42% 778424 20498 57%
c i 20.41  0 154 21 5247  9 215428 53975 1.5 70 47 11 40 42% 778424 20497 57%
c i 20.47  0 154 21 5349  9 216044 54491 1.5 70 48 11 40 42% 778424 20496 57%
c i 20.47  0 154 21 5349  9 216045 54491 1.5 70 48 11 40 42% 778424 20495 57%
c i 20.47  0 154 21 5349  9 216048 54492 1.5 70 48 11 40 42% 778424 20494 57%
c 
c  seconds   reductions   conflicts         size    tier2         variables
c         MB      restarts       redundant     glue     trail          remaining
c           level       rate          size/glue  tier1    irredundant
c 
c i 20.68  0 152 21 5369  9 218890 56666 1.5 69 47 11 40 42% 778424 20493 57%
c i 20.68  0 152 21 5369  9 218891 56666 1.5 69 47 11 40 42% 778424 20492 57%
c i 20.68  0 152 21 5369  9 218899 56669 1.5 69 47 11 40 42% 778424 20489 57%
c i 20.69  0 152 21 5369  9 219179 56823 1.5 69 47 11 40 42% 778424 20487 57%
c s 21.03  0 152 21 5383  9 221544 58587 1.5 69 46 11 40 43% 772861 20487 57%
c e 21.10  0 152 21 5383  9 221544 56582 1.5 69 46 11 40 43% 772451 20264 56%
c s 21.22  0 152 21 5383  9 221544 56332 1.5 69 46 11 40 43% 771367 20264 56%
c i 21.75  0 151 21 5531  9 228132 61339 1.5 68 45 11 40 43% 771367 20263 56%
c i 21.75  0 151 21 5531  9 228133 61339 1.5 68 45 11 40 43% 771367 20262 56%
c B 21.91  0 149 21 5602  9 231236 63510 1.5 67 45 11 40 42% 771367 20262 56%
c i 21.95  0 149 21 5656  9 231802 63919 1.5 67 45 11 40 42% 771367 20215 56%
c i 22.09  0 150 21 5827  9 233028 64846 1.5 68 45 11 40 42% 771367 20182 56%
c i 22.09  0 150 21 5827  9 233032 64849 1.5 68 45 11 40 42% 771367 20181 56%
c - 22.37  0 150 22 5828  9 235142 54407 1.5 67 45 11 40 43% 770853 20181 56%
c 2 22.38  0 150 22 5828  9 235142 54406 1.5 67 45 11 40 43% 770849 20180 56%
c d 22.41  0 150 22 5828  9 235142 54367 1.5 67 45 11 40 43% 770838 20177 56%
c k 22.42  0 150 22 5828  9 235142 54367 1.5 67 45 11 40 43% 770838 20168 56%
c 2 22.42  0 150 22 5828  9 235142 54367 1.5 67 45 11 40 43% 770833 20165 56%
c i 22.74  0 148 22 5905  8 239146 57261 1.5 66 44 11 40 44% 770833 20164 56%
c i 22.75  0 148 22 5905  8 239154 57267 1.5 66 44 11 40 44% 770833 20162 56%
c 
c  seconds   reductions   conflicts         size    tier2         variables
c         MB      restarts       redundant     glue     trail          remaining
c           level       rate          size/glue  tier1    irredundant
c 
c i 22.75  0 148 22 5911  8 239178 57289 1.5 66 44 11 40 44% 770833 20160 56%
c i 22.75  0 148 22 5917  8 239207 57293 1.5 66 44 11 40 44% 770833 20159 56%
c i 23.21  0 149 22 6202  8 248049 63447 1.5 66 43 11 40 43% 770833 20113 56%
c i 23.26  0 149 22 6223  8 249000 64094 1.5 65 42 11 40 43% 770833 20109 56%
c W 24.11  0 149 22 6268  8 253237 61093 1.6 65 42 11 40 44% 770255 20109 56%
c i 24.42  0 146 22 6333  8 257635 64315 1.6 65 41 11 40 44% 770255 20108 56%
c i 24.42  0 146 22 6333  8 257644 64322 1.6 65 41 11 40 44% 770255 20107 56%
c i 24.42  0 146 22 6333  8 257645 64322 1.6 65 41 11 40 44% 770255 20065 56%
c - 24.54  0 146 23 6347  8 258015 54541 1.6 65 41 11 40 44% 769967 20056 56%
c 2 24.54  0 146 23 6347  8 258015 54541 1.6 65 41 11 40 44% 769965 19978 56%
c d 24.58  0 146 23 6347  8 258015 50882 1.6 65 41 11 40 44% 769399 19961 55%
c d 24.61  0 146 23 6347  8 258015 50878 1.6 65 41 11 40 44% 769392 19954 55%
c t 24.68  0 146 23 6347  8 258015 50875 1.6 65 41 11 40 44% 769330 19908 55%
c i 24.76  0 146 23 6434  8 259094 51615 1.6 65 41 11 40 44% 769330 19906 55%
c i 25.07  0 148 23 6502  8 264526 55414 1.6 64 40 11 40 45% 769330 19852 55%
c i 25.26  0 148 23 6613  8 267014 57211 1.6 64 40 11 40 45% 769330 19850 55%
c i 25.31  0 148 23 6642  8 267570 57522 1.6 64 40 10 39 45% 769330 19848 55%
c i 25.74  0 146 23 6744  7 273948 62176 1.7 66 39 10 39 46% 769330 19729 55%
c i 25.78  0 147 23 6754  7 274761 62792 1.7 65 39 10 39 46% 769330 19728 55%
c i 25.86  0 148 23 6815  7 276030 63757 1.7 65 38 10 39 46% 769330 19636 55%
c 
c  seconds   reductions   conflicts         size    tier2         variables
c         MB      restarts       redundant     glue     trail          remaining
c           level       rate          size/glue  tier1    irredundant
c 
c i 25.87  0 148 23 6815  7 276180 63863 1.7 65 38 10 39 46% 769330 19574 54%
c # 25.87  0 148 23 6815  7 276260 63919 1.7 65 38 10 39 46% 769330 19574 54%
c } 26.11  0 146 23 6815  7 278882 65947 1.8 66 38 10 39 47% 769330 19574 54%
c [ 26.11  0 221 23 6815  4 278882 65947 2.3 91 39 14 54 50% 769330 19574 54%
c - 26.45  0 215 24 6818  4 281972 52263 2.4 89 38 14 54 50% 767078 19574 54%
c 2 26.46  0 215 24 6818  4 281972 52253 2.4 89 38 14 54 50% 767078 19572 54%
c d 26.49  0 215 24 6818  4 281972 51278 2.4 89 38 14 54 50% 767056 19566 54%
c 2 26.51  0 215 24 6818  4 281972 51267 2.4 89 38 14 54 50% 767055 19482 54%
c s 27.45  0 195 24 6823  4 295054 61236 2.4 84 35 14 54 50% 767055 19482 54%
c e 27.53  0 195 24 6823  4 295054 53673 2.4 84 35 14 54 50% 766125 19056 53%
c s 27.61  0 195 24 6823  4 295054 52883 2.4 84 35 14 54 50% 766039 19056 53%
c i 27.87  0 191 24 6823  4 296639 52732 2.4 83 35 14 54 32% 766039 19055 53%
c W 28.20  0 186 24 6823  4 300261 47075 2.4 81 34 14 54 35% 763104 19055 53%
c - 28.99  0 179 25 6827  4 306993 46621 2.5 81 33 14 54 49% 763104 19055 53%
c 2 28.99  0 179 25 6827  4 306993 46620 2.5 81 33 14 54 49% 763076 19055 53%
c O 31.08  0 158 25 6837  4 325263 60684 2.7 81 30 14 54 55% 763076 19055 53%
c ] 31.28  0 157 25 6837  4 327320 62335 2.7 82 30 14 54 54% 763076 19055 53%
c { 31.28  0 146 25 6837  7 327320 62335 1.8 66 38 10 39 52% 763076 19055 53%
c i 31.39  0 146 25 6837  7 327872 62807 1.8 68 38 10 39 52% 763076 19054 53%
c i 31.77  0 147 25 6955  7 331237 65299 1.9 71 38 10 39 53% 763076 18999 53%
c 
c  seconds   reductions   conflicts         size    tier2         variables
c         MB      restarts       redundant     glue     trail          remaining
c           level       rate          size/glue  tier1    irredundant
c 
c i 31.83  0 146 25 6955  7 332048 65850 1.9 71 38 10 39 53% 763076 18998 53%
c - 32.02  0 145 26 6955  7 333079 56661 1.9 71 38 10 36 53% 762666 18998 53%
c 2 32.02  0 145 26 6955  7 333079 56660 1.9 71 38 10 36 53% 762666 18998 53%
c u 32.12  0 145 26 6955  7 333079 56476 1.9 71 38 10 36 53% 762666 18968 53%
c v 32.15  0 145 26 6955  7 333079 56455 1.9 71 38 10 36 53% 762666 18968 53%
c w 32.16  0 145 26 6955  7 333079 56125 1.9 71 38 10 36 53% 762666 18968 53%
c x 32.19  0 145 26 6955  7 333079 56125 1.9 71 38 10 36 53% 762665 18968 53%
c i 34.17  0 138 26 6973  6 350842 70323 2.3 80 34 10 36 58% 762665 18967 53%
c B 34.21  0 137 26 6976  6 351270 70651 2.3 80 34 10 36 58% 762665 18967 53%
c i 34.34  0 139 26 7281  6 352666 71651 2.3 81 35 10 36 58% 762665 18966 53%
c i 34.71  0 136 26 7403  6 357656 75251 2.3 80 35 10 36 57% 762665 18965 53%
c - 34.96  0 136 27 7461  6 360375 67968 2.3 80 35 10 36 56% 762315 18965 53%
c 2 34.96  0 136 27 7461  6 360375 67968 2.3 80 35 10 36 56% 762315 18964 53%
c i 35.10  0 135 27 7589  6 361621 68940 2.3 80 35 10 36 56% 762315 18963 53%
c i 35.10  0 135 27 7589  6 361622 68940 2.3 80 35 10 36 56% 762315 18962 53%
c i 35.10  0 135 27 7589  6 361623 68940 2.3 80 35 10 36 56% 762315 18961 53%
c i 35.10  0 135 27 7589  6 361624 68940 2.3 80 35 10 36 56% 762315 18960 53%
c i 35.10  0 135 27 7589  6 361625 68940 2.3 80 35 10 36 56% 762315 18959 53%
c i 35.10  0 135 27 7589  6 361626 68940 2.3 80 35 10 36 56% 762315 18958 53%
c i 35.19  0 136 27 7600  6 362929 69897 2.3 80 34 10 36 56% 762315 18950 53%
c 
c  seconds   reductions   conflicts         size    tier2         variables
c         MB      restarts       redundant     glue     trail          remaining
c           level       rate          size/glue  tier1    irredundant
c 
c i 35.44  0 135 27 7605  6 365784 72361 2.3 80 34 10 36 57% 762315 18949 53%
c i 35.61  0 136 27 7696  6 367556 73755 2.4 81 34 10 36 57% 762315 18896 53%
c i 36.02  0 133 27 7840  6 373838 78375 2.4 79 33 10 36 56% 762315 18895 53%
c i 36.32  0 132 27 7928  6 377986 81657 2.4 79 33 10 36 55% 762315 18894 53%
c W 36.90  0 132 27 7968  6 378274 79354 2.4 79 33 10 36 55% 758628 18894 53%
c e 37.13  0 130 27 7973  6 380320 69661 2.4 78 32 10 36 55% 758502 18774 52%
c s 37.15  0 130 27 7973  6 380320 69492 2.4 78 32 10 36 55% 758491 18774 52%
c i 37.29  0 129 27 8005  6 381729 70526 2.4 78 32 10 36 54% 758491 18773 52%
c i 37.52  0 130 27 8065  6 383923 72307 2.4 78 32 10 36 54% 758491 18706 52%
c i 37.60  0 129 27 8065  6 384634 72877 2.4 78 32 10 36 54% 758491 18695 52%
c - 37.97  0 129 28 8114  6 388629 65799 2.5 78 32 10 36 54% 758000 18695 52%
c 2 37.98  0 129 28 8114  6 388629 65799 2.5 78 32 10 36 54% 757995 18695 52%
c k 37.99  0 129 28 8114  6 388629 65799 2.5 78 32 10 36 54% 757995 18693 52%
c } 38.16  0 127 28 8144  6 390937 67215 2.5 80 31 10 36 54% 757995 18693 52%
c [ 38.16  0 157 28 8144  4 390937 67215 2.7 82 30 14 54 54% 757995 18693 52%
c i 38.49  0 155 28 8145  4 392870 68699 2.9 86 30 14 54 55% 757995 18685 52%
c i 38.51  0 155 28 8145  4 393104 68766 2.9 86 30 14 54 55% 757995 18679 52%
c i 38.95  0 152 28 8145  4 395643 70770 3.1 91 30 14 54 56% 757995 18678 52%
c i 38.95  0 152 28 8145  4 395658 70781 3.1 91 30 14 54 56% 757995 18677 52%
c i 39.51  0 149 28 8145  4 398484 72687 3.2 93 29 8 31 56% 757995 18676 52%
c 
c  seconds   reductions   conflicts         size   tier2         variables
c         MB      restarts       redundant     glue    trail          remaining
c           level       rate          size/glue  tier1   irredundant
c 
c i 39.83  0 147 28 8145  4 400065 73857 3.2 94 29 8 31 57% 757995 18675 52%
c i 40.91  0 142 28 8146  4 404832 77441 3.4 99 29 8 31 57% 757995 18673 52%
c i 40.94  0 142 28 8146  4 405156 77677 3.4 98 29 8 31 57% 757995 18672 52%
c B 41.15  0 141 28 8146  4 406275 78571 3.5 101 29 8 31 57% 757995 18672 52%
c - 42.51  0 145 29 8146  3 417924 63454 3.9 113 29 8 31 58% 746814 18672 52%
c p 42.52  0 145 29 8146  3 417924 63565 3.9 113 29 8 31 58% 746814 18668 52%
c d 42.60  0 145 29 8146  3 417924 63478 3.9 113 29 8 31 58% 746716 18654 52%
c k 42.62  0 145 29 8146  3 417924 63478 3.9 113 29 8 31 58% 746716 18577 52%
c 2 42.63  0 145 29 8146  3 417924 63478 3.9 113 29 8 31 58% 746688 18577 52%
c t 42.66  0 145 29 8146  3 417924 63478 3.9 113 29 8 31 58% 746211 18577 52%
c i 43.73  0 141 29 8147  3 425672 69674 4.1 122 30 8 31 57% 746211 18576 52%
c ] 44.05  0 140 29 8147  3 427910 71427 4.1 124 30 8 31 57% 746211 18576 52%
c { 44.05  0 127 29 8147  6 427910 71427 2.5 80 31 10 36 54% 746211 18576 52%
c i 44.21  0 127 29 8147  6 429264 72583 2.6 81 31 10 36 54% 746211 18575 52%
c F 44.77  0 121 29 8151  5 435375 77391 2.7 81 30 10 36 53% 746211 18575 52%
c i 44.77  0 121 29 8151  5 435375 77391 2.7 81 30 10 36 53% 746211 18574 52%
c i 44.83  0 121 29 8165  6 435981 77837 2.7 81 30 10 36 53% 746211 18573 52%
c i 44.83  0 121 29 8165  6 435982 77837 2.7 81 30 10 36 53% 746211 18572 52%
c i 44.83  0 121 29 8165  6 435983 77837 2.7 81 30 10 36 53% 746211 18571 52%
c i 44.83  0 121 29 8165  6 435984 77837 2.7 81 30 10 36 53% 746211 18570 52%
c 
c  seconds   reductions   conflicts         size    tier2         variables
c         MB      restarts       redundant     glue     trail          remaining
c           level       rate          size/glue  tier1    irredundant
c 
c i 44.83  0 121 29 8165  6 435985 77837 2.7 81 30 10 36 53% 746211 18569 52%
c i 44.83  0 121 29 8165  6 435986 77837 2.7 81 30 10 36 53% 746211 18568 52%
c i 45.06  0 119 29 8165  5 438964 80025 2.7 79 30 10 36 53% 746211 18567 52%
c i 45.45  0 117 29 8216  5 443152 82752 2.7 80 29 10 36 52% 746211 18566 52%
c i 45.74  0 116 29 8367  5 446373 85113 2.7 80 29 10 36 52% 746211 18565 52%
c i 45.77  0 116 29 8393  5 446746 85379 2.7 80 29 10 36 52% 746211 18564 52%
c i 45.79  0 116 29 8403  5 446989 85519 2.7 80 29 10 36 52% 746211 18563 52%
c - 46.06  0 115 30 8405  5 448197 72431 2.7 79 29 10 36 51% 737307 18563 52%
c k 46.13  0 115 30 8405  5 448197 72431 2.7 79 29 10 36 51% 737307 18560 52%
c u 46.24  0 115 30 8405  5 448197 72265 2.7 79 29 10 36 51% 737307 18555 52%
c v 46.27  0 115 30 8405  5 448197 72147 2.7 79 29 10 36 51% 737307 18552 52%
c w 46.28  0 115 30 8405  5 448197 72106 2.7 79 29 10 36 51% 737307 18550 52%
c x 46.34  0 115 30 8405  5 448197 72106 2.7 79 29 10 36 51% 737302 18550 52%
c i 46.38  0 115 30 8406  5 448230 72125 2.7 79 29 10 36 51% 737302 18549 52%
c i 46.44  0 115 30 8422  5 448980 72685 2.7 79 29 10 36 51% 737302 18548 52%
c i 46.51  0 114 30 8425  5 449985 73443 2.7 79 29 10 36 51% 737302 18547 52%
c i 46.51  0 114 30 8425  5 449987 73444 2.7 79 29 10 36 51% 737302 18546 52%
c i 46.51  0 114 30 8425  5 449988 73444 2.7 79 29 10 36 51% 737302 18545 52%
c i 46.51  0 114 30 8425  5 449989 73444 2.7 79 29 10 36 51% 737302 18544 52%
c i 46.52  0 114 30 8425  5 449990 73444 2.7 79 29 10 36 51% 737302 18543 52%
c 
c  seconds   reductions   conflicts         size    tier2         variables
c         MB      restarts       redundant     glue     trail          remaining
c           level       rate          size/glue  tier1    irredundant
c 
c i 46.52  0 114 30 8425  5 449991 73444 2.7 79 29 10 36 51% 737302 18542 52%
c i 46.53  0 114 30 8425  5 450226 73508 2.7 79 29 10 36 51% 737302 18541 52%
c i 46.53  0 114 30 8425  5 450228 73509 2.7 79 29 10 36 51% 737302 18540 52%
c i 46.53  0 114 30 8425  5 450229 73509 2.7 79 29 10 36 51% 737302 18539 52%
c i 46.53  0 114 30 8425  5 450230 73509 2.7 79 29 10 36 51% 737302 18538 52%
c i 46.53  0 114 30 8425  5 450231 73509 2.7 79 29 10 36 51% 737302 18537 52%
c i 46.53  0 114 30 8425  5 450232 73509 2.7 79 29 10 36 51% 737302 18536 52%
c i 46.53  0 114 30 8425  5 450233 73509 2.7 79 29 10 36 51% 737302 18535 52%
c i 46.53  0 114 30 8425  5 450234 73509 2.7 79 29 10 36 51% 737302 18534 52%
c i 46.53  0 114 30 8425  5 450243 73516 2.7 79 29 10 36 51% 737302 18533 51%
c i 46.53  0 114 30 8425  5 450248 73519 2.7 79 29 10 36 51% 737302 18532 51%
c i 46.54  0 114 30 8425  5 450279 73540 2.7 79 29 10 36 51% 737302 18531 51%
c i 46.54  0 114 30 8425  5 450281 73541 2.7 79 29 10 36 51% 737302 18530 51%
c i 46.71  0 114 30 8476  5 452215 74885 2.7 79 29 10 36 51% 737302 18529 51%
c i 46.96  0 112 30 8534  5 455755 77499 2.7 78 29 10 36 51% 737302 18528 51%
c i 46.96  0 112 30 8534  5 455882 77615 2.7 78 29 10 36 51% 737302 18527 51%
c i 46.97  0 112 30 8534  5 455989 77681 2.7 78 29 10 36 51% 737302 18523 51%
c i 46.99  0 112 30 8537  5 456503 78037 2.7 78 29 10 36 51% 737302 18522 51%
c i 46.99  0 112 30 8537  5 456507 78040 2.7 78 29 10 36 51% 737302 18521 51%
c i 46.99  0 112 30 8537  5 456508 78040 2.7 78 29 10 36 51% 737302 18520 51%
c 
c  seconds   reductions   conflicts         size    tier2         variables
c         MB      restarts       redundant     glue     trail          remaining
c           level       rate          size/glue  tier1    irredundant
c 
c i 46.99  0 112 30 8537  5 456509 78040 2.7 78 29 10 36 51% 737302 18519 51%
c i 46.99  0 112 30 8537  5 456510 78040 2.7 78 29 10 36 51% 737302 18518 51%
c i 46.99  0 112 30 8537  5 456511 78040 2.7 78 29 10 36 51% 737302 18517 51%
c i 46.99  0 112 30 8537  5 456569 78073 2.7 78 29 10 36 51% 737302 18516 51%
c i 46.99  0 112 30 8537  5 456570 78073 2.7 78 29 10 36 51% 737302 18515 51%
c i 46.99  0 112 30 8537  5 456571 78073 2.7 78 29 10 36 51% 737302 18514 51%
c i 46.99  0 112 30 8537  5 456572 78073 2.7 78 29 10 36 51% 737302 18513 51%
c i 46.99  0 112 30 8537  5 456573 78073 2.7 78 29 10 36 51% 737302 18512 51%
c i 46.99  0 112 30 8537  5 456574 78073 2.7 78 29 10 36 51% 737302 18511 51%
c i 46.99  0 112 30 8537  5 456575 78073 2.7 78 29 10 36 51% 737302 18510 51%
c i 46.99  0 112 30 8537  5 456576 78073 2.7 78 29 10 36 51% 737302 18509 51%
c i 47.02  0 112 30 8550  5 456835 78227 2.7 78 29 10 36 51% 737302 18508 51%
c i 47.02  0 112 30 8550  5 456836 78227 2.7 78 29 10 36 51% 737302 18507 51%
c i 47.02  0 112 30 8550  5 456837 78227 2.7 78 29 10 36 51% 737302 18506 51%
c i 47.02  0 112 30 8550  5 456838 78227 2.7 78 29 10 36 51% 737302 18505 51%
c i 47.02  0 112 30 8550  5 456839 78227 2.7 78 29 10 36 51% 737302 18504 51%
c i 47.02  0 112 30 8550  5 456840 78227 2.7 78 29 10 36 51% 737302 18503 51%
c i 47.06  0 111 30 8567  5 457725 78810 2.7 78 28 10 36 51% 737302 18502 51%
c i 47.15  0 111 30 8591  5 458633 79502 2.7 77 28 10 36 51% 737302 18501 51%
c i 47.15  0 111 30 8591  5 458653 79520 2.7 77 28 10 36 51% 737302 18500 51%
c 
c  seconds   reductions   conflicts         size    tier2         variables
c         MB      restarts       redundant     glue     trail          remaining
c           level       rate          size/glue  tier1    irredundant
c 
c i 47.26  0 110 30 8624  5 459784 80357 2.7 77 28 10 36 51% 737302 18499 51%
c B 47.99  0 107 30 8666  5 465376 84530 3.1 86 28 6 25 51% 737302 18499 51%
c i 48.14  0 107 30 8741  5 467424 86095 3.1 86 28 6 25 51% 737302 18498 51%
c i 48.14  0 107 30 8764  5 467516 86159 3.1 86 28 6 25 51% 737302 18497 51%
c i 48.14  0 107 30 8765  5 467519 86161 3.1 86 28 6 25 51% 737302 18496 51%
c i 48.14  0 107 30 8766  5 467521 86162 3.1 86 28 6 25 51% 737302 18495 51%
c i 48.14  0 107 30 8766  5 467524 86164 3.1 86 28 6 25 51% 737302 18494 51%
c i 48.14  0 107 30 8767  5 467527 86166 3.1 86 28 6 25 51% 737302 18493 51%
c i 48.14  0 107 30 8768  5 467529 86167 3.1 86 28 6 25 51% 737302 18492 51%
c i 48.53  0 107 30 8893  5 471163 88817 3.1 87 28 6 25 51% 737302 18491 51%
c i 48.54  0 107 30 8907  5 471211 88859 3.1 87 28 6 25 51% 737302 18485 51%
c i 48.54  0 107 30 8908  5 471219 88861 3.1 87 28 6 25 51% 737302 18479 51%
c i 48.63  0 107 30 8962  5 472268 89620 3.1 87 28 6 25 51% 737302 18478 51%
c i 48.70  0 107 30 8985  5 472869 90061 3.1 87 28 6 25 51% 737302 18477 51%
c i 48.70  0 107 30 8985  5 472885 90070 3.1 87 28 6 25 51% 737302 18470 51%
c s 49.27  0 104 30 8987  5 476375 92097 3.2 87 28 6 25 51% 728633 18470 51%
c e 49.40  0 104 30 8987  5 476375 84215 3.2 87 28 6 25 51% 723916 18069 50%
c s 49.66  0 104 30 8987  5 476375 83838 3.2 87 28 6 25 51% 718254 18069 50%
c i 49.85  0 104 30 8994  5 477019 84349 3.2 87 27 6 25 51% 718254 18068 50%
c i 49.86  0 104 30 8994  5 477049 84377 3.2 87 27 6 25 51% 718254 18067 50%
c 
c  seconds   reductions   conflicts         size   tier2         variables
c         MB      restarts       redundant     glue    trail          remaining
c           level       rate          size/glue  tier1   irredundant
c 
c i 50.00  0 103 30 9005  5 478337 85148 3.2 87 27 6 25 51% 718254 18066 50%
c - 50.25  0 103 31 9022  5 479453 61578 3.2 86 27 6 25 51% 718219 18066 50%
c 2 50.25  0 103 31 9022  5 479453 61556 3.2 86 27 6 25 51% 718210 18066 50%
c k 50.27  0 103 31 9022  5 479453 61556 3.2 86 27 6 25 51% 718210 18065 50%
c i 50.50  0 103 31 9022  5 479947 61864 3.2 86 27 6 25 51% 718202 18064 50%
c i 50.52  0 103 31 9022  5 480076 61922 3.2 86 27 6 25 51% 718202 18063 50%
c i 51.20  0 99 31 9057  5 486670 66987 3.2 86 27 6 25 50% 718202 18062 50%
c i 51.39  0 99 31 9099  5 487630 67581 3.2 86 27 6 25 50% 718202 18061 50%
c i 51.48  0 99 31 9112  5 488403 68138 3.2 86 27 6 25 50% 718202 18060 50%
c i 51.54  0 98 31 9120  5 489169 68446 3.2 85 27 6 25 49% 718202 18058 50%
c i 51.60  0 98 31 9120  5 489771 68842 3.2 85 27 6 25 49% 718202 18057 50%
c i 51.85  0 97 31 9159  5 492151 70463 3.2 85 27 6 25 49% 718202 18056 50%
c i 51.90  0 96 31 9171  5 492590 70743 3.2 85 26 6 25 49% 718202 18055 50%
c i 52.09  0 95 31 9214  5 495005 72190 3.2 84 26 6 25 49% 718202 18047 50%
c i 52.19  0 95 31 9214  5 495984 72873 3.2 84 26 6 25 49% 718202 18046 50%
c W 52.89  0 95 31 9215  5 496381 62637 3.2 84 26 6 25 49% 688546 18046 50%
c i 53.01  0 95 31 9238  5 498264 64079 3.2 83 26 6 25 49% 688546 18045 50%
c i 53.08  0 94 31 9240  5 498980 64659 3.2 83 26 6 25 49% 688546 18035 50%
c i 53.14  0 94 31 9251  5 499568 65054 3.2 83 26 6 25 49% 688546 18034 50%
c i 53.33  0 95 31 9251  4 502005 67179 3.2 83 26 6 25 49% 688546 18033 50%
c 
c  seconds  reductions   conflicts         size   tier2         variables
c         MB     restarts       redundant     glue    trail          remaining
c          level       rate          size/glue  tier1   irredundant
c 
c i 53.46  0 95 31 9262  4 503616 68292 3.2 83 26 6 25 49% 688546 18032 50%
c } 53.50  0 95 31 9262  4 504105 68531 3.2 83 26 6 25 49% 688546 18032 50%
c [ 53.50  0 140 31 9262  3 504105 68531 4.1 124 30 8 31 57% 688546 18032 50%
c i 53.50  0 140 31 9262  3 504190 68572 4.1 124 30 8 31 57% 688546 18031 50%
c - 54.94  0 133 32 9262  3 511588 60433 4.4 130 30 8 31 56% 685770 18031 50%
c 2 54.94  0 133 32 9262  3 511588 60432 4.4 130 30 8 31 56% 685770 18031 50%
c p 54.96  0 133 32 9262  3 511588 60502 4.4 130 30 8 31 56% 685770 18031 50%
c k 54.97  0 133 32 9262  3 511588 60502 4.4 130 30 8 31 56% 685770 18012 50%
c i 55.24  0 133 32 9262  3 513575 62073 4.3 129 30 8 31 56% 685770 18006 50%
c i 55.83  0 131 32 9262  3 518453 65551 4.3 128 30 8 31 54% 685770 18005 50%
c i 57.14  0 125 32 9262  3 526843 71553 4.2 125 30 8 31 52% 685770 18004 50%
c i 57.14  0 125 32 9262  3 526844 71553 4.2 125 30 8 31 52% 685770 18003 50%
c W 57.71  0 124 32 9262  3 528382 72538 4.2 124 30 8 31 52% 685474 18003 50%
c i 58.67  0 123 32 9265  3 532441 75524 4.3 128 30 5 24 52% 685474 18002 50%
c i 59.28  0 123 32 9267  3 534499 76788 4.3 131 30 5 24 52% 685474 18001 50%
c i 59.32  0 123 32 9267  3 534746 76947 4.3 131 30 5 24 52% 685474 18000 50%
c i 59.33  0 122 32 9267  3 534857 77027 4.3 131 30 5 24 52% 685474 17994 50%
c i 59.57  0 122 32 9268  3 535725 77585 4.3 131 30 5 24 52% 685474 17993 50%
c i 59.64  0 121 32 9268  3 536207 77843 4.3 130 30 5 24 51% 685474 16497 46%
c i 59.77  0 121 32 9268  3 536239 33850 4.3 130 30 5 24 16% 511308 14838 41%
c 
c  seconds   reductions   conflicts          size   tier2         variables
c         MB      restarts       redundant      glue    trail          remaining
c           level       rate          size/glue   tier1   irredundant
c 
c ] 59.77  0 121 32 9268  3 536241 33850 4.3 130 30 5 24 16% 511308 14747 41%
c 0 59.77  0 121 32 9268  3 536241 33850 4.3 130 30 5 24 16% 511308 14747 41%
c 
c --- [ closing proof ] ------------------------------------------------------
c 
c LRAT proof file 'scratch/order100-global-profile2-final.lrat' closed
c LRAT 924825 added clauses 42.39%
c LRAT 1256977 deleted clauses 57.61%
c LRAT 2360474153 bytes (2251.12 MB)
c 
c --- [ result ] -------------------------------------------------------------
c 
s UNSATISFIABLE
c 
c --- [ run-time profiling ] -------------------------------------------------
c 
c process time taken by individual solving procedures
c (percentage relative to process time for solving)
c 
c        53.91   90.57% search
c        26.89   45.18% unstable
c        24.16   40.59% stable
c         5.61    9.43% simplify
c         2.86    4.80% walk
c         1.86    3.12% subsume
c         0.89    1.49% elim
c         0.65    1.10% sweep
c         0.51    0.85% vivify
c         0.33    0.56% congruence
c         0.25    0.41% parse
c         0.15    0.25% backbone
c         0.08    0.13% probe
c         0.02    0.03% ternary
c         0.00    0.01% lucky
c   =================================
c        59.52   99.59% solve
c 
c last line shows process time for solving
c (percentage relative to total process time)
c 
c --- [ statistics ] ---------------------------------------------------------
c 
c chronological:            260635        48.60 %  of conflicts
c conflicts:                536241      9009.17    per second
c backbone:                7174476     19935.75 %  of vars
c decisions:               2689119     45178.80    per second
c eliminated:                16113        44.77 %  of all variables
c fixed:                      5075        14.10 %  of all variables
c learned:                  485237        90.49 %  per conflict
c learned_lits:          100550510       100.00 %  learned literals
c minimized:                     0         0.00 %  learned literals
c shrunken:               43889540        43.65 %  learned literals
c minishrunken:           12422347        12.35 %  learned literals
c otfs:                       3381         0.63 %  of conflict
c propagations:          266605090         4.48 M  per second
c reduced:                  199128        37.13 %  per conflict
c rephased:                     32     16757.53    interval
c restarts:                   9268        57.86    interval
c stabilizing:                   8        40.59 %  of conflicts
c substituted:                  53         0.15 %  of all variables
c subsumed:                 206638        14.39 %  of all clauses
c strengthened:              11286         0.79 %  of all clauses
c ticks:                1617003092         6.87    propagation
c vivified:                   3310         0.23 %  of all clauses
c walked:                       10     53624.10    interval
c weakened:                  61996         2.06    average size
c congruence:                    7     76605.86    interval
c 
c seconds are measured in process time for solving
c 
c --- [ glue usage ] ---------------------------------------------------------
c 
c focused glue 6 used 47847 clauses 4.484% accumulated 57.70% tier1
c focused glue 7 used 40188 clauses 3.766% accumulated 61.47%
c focused glue 8-23 used 269275 clauses 25.23% accumulated 86.71%
c focused glue 24 used 8548 clauses 0.801% accumulated 87.51%
c focused glue 25 used 7560 clauses 0.708% accumulated 88.22% tier2
c 
c stable glue 5 used 51943 clauses 5.039% accumulated 52.30% tier1
c stable glue 6 used 44962 clauses 4.362% accumulated 56.66%
c stable glue 7-21 used 281725 clauses 27.33% accumulated 83.99%
c stable glue 22 used 6675 clauses 0.647% accumulated 84.64%
c stable glue 23 used 6803 clauses 0.660% accumulated 85.30% tier2
c 
c 
c --- [ resources ] ----------------------------------------------------------
c 
c total process time since initialization:        59.77    seconds
c total real time since initialization:           96.20    seconds
c maximum resident set size of process:         1118.31    MB
c 
c --- [ shutting down ] ------------------------------------------------------
c 
c exit 20
