366 546 6
1 2 3 6 8 9
0 11
0 16
0 156
1 14
1 86
2 9
2 13
3 10
3 12
4 10
4 14
4 296
5 11
5 13
5 226
6 11
6 15
7 12
7 15
7 17
8 13
8 87
9 14
10 157
12 227
15 297
16 57
16 85
17 18
17 68
18 19
18 75
19 20
19 32
20 21
20 41
21 22
21 64
22 23
22 49
23 24
23 56
24 25
24 81
25 26
25 38
26 27
26 45
27 28
27 76
28 29
28 65
29 30
29 58
30 31
30 71
31 32
31 82
32 33
33 34
33 46
34 35
34 55
35 36
35 78
36 37
36 63
37 38
37 70
38 39
39 40
39 52
40 41
40 59
41 42
42 43
42 79
43 44
43 72
44 45
44 85
45 46
46 47
47 48
47 60
48 49
48 69
49 50
50 51
50 77
51 52
51 84
52 53
53 54
53 66
54 55
54 73
55 56
56 57
57 58
58 59
59 60
60 61
61 62
61 74
62 63
62 83
63 64
64 65
65 66
66 67
67 68
67 80
68 69
69 70
70 71
71 72
72 73
73 74
74 75
75 76
76 77
77 78
78 79
79 80
80 81
81 82
82 83
83 84
84 85
86 127
86 155
87 88
87 138
88 89
88 145
89 90
89 102
90 91
90 111
91 92
91 134
92 93
92 119
93 94
93 126
94 95
94 151
95 96
95 108
96 97
96 115
97 98
97 146
98 99
98 135
99 100
99 128
100 101
100 141
101 102
101 152
102 103
103 104
103 116
104 105
104 125
105 106
105 148
106 107
106 133
107 108
107 140
108 109
109 110
109 122
110 111
110 129
111 112
112 113
112 149
113 114
113 142
114 115
114 155
115 116
116 117
117 118
117 130
118 119
118 139
119 120
120 121
120 147
121 122
121 154
122 123
123 124
123 136
124 125
124 143
125 126
126 127
127 128
128 129
129 130
130 131
131 132
131 144
132 133
132 153
133 134
134 135
135 136
136 137
137 138
137 150
138 139
139 140
140 141
141 142
142 143
143 144
144 145
145 146
146 147
147 148
148 149
149 150
150 151
151 152
152 153
153 154
154 155
156 197
156 225
157 158
157 208
158 159
158 215
159 160
159 172
160 161
160 181
161 162
161 204
162 163
162 189
163 164
163 196
164 165
164 221
165 166
165 178
166 167
166 185
167 168
167 216
168 169
168 205
169 170
169 198
170 171
170 211
171 172
171 222
172 173
173 174
173 186
174 175
174 195
175 176
175 218
176 177
176 203
177 178
177 210
178 179
179 180
179 192
180 181
180 199
181 182
182 183
182 219
183 184
183 212
184 185
184 225
185 186
186 187
187 188
187 200
188 189
188 209
189 190
190 191
190 217
191 192
191 224
192 193
193 194
193 206
194 195
194 213
195 196
196 197
197 198
198 199
199 200
200 201
201 202
201 214
202 203
202 223
203 204
204 205
205 206
206 207
207 208
207 220
208 209
209 210
210 211
211 212
212 213
213 214
214 215
215 216
216 217
217 218
218 219
219 220
220 221
221 222
222 223
223 224
224 225
226 267
226 295
227 228
227 278
228 229
228 285
229 230
229 242
230 231
230 251
231 232
231 274
232 233
232 259
233 234
233 266
234 235
234 291
235 236
235 248
236 237
236 255
237 238
237 286
238 239
238 275
239 240
239 268
240 241
240 281
241 242
241 292
242 243
243 244
243 256
244 245
244 265
245 246
245 288
246 247
246 273
247 248
247 280
248 249
249 250
249 262
250 251
250 269
251 252
252 253
252 289
253 254
253 282
254 255
254 295
255 256
256 257
257 258
257 270
258 259
258 279
259 260
260 261
260 287
261 262
261 294
262 263
263 264
263 276
264 265
264 283
265 266
266 267
267 268
268 269
269 270
270 271
271 272
271 284
272 273
272 293
273 274
274 275
275 276
276 277
277 278
277 290
278 279
279 280
280 281
281 282
282 283
283 284
284 285
285 286
286 287
287 288
288 289
289 290
290 291
291 292
292 293
293 294
294 295
296 337
296 365
297 298
297 348
298 299
298 355
299 300
299 312
300 301
300 321
301 302
301 344
302 303
302 329
303 304
303 336
304 305
304 361
305 306
305 318
306 307
306 325
307 308
307 356
308 309
308 345
309 310
309 338
310 311
310 351
311 312
311 362
312 313
313 314
313 326
314 315
314 335
315 316
315 358
316 317
316 343
317 318
317 350
318 319
319 320
319 332
320 321
320 339
321 322
322 323
322 359
323 324
323 352
324 325
324 365
325 326
326 327
327 328
327 340
328 329
328 349
329 330
330 331
330 357
331 332
331 364
332 333
333 334
333 346
334 335
334 353
335 336
336 337
337 338
338 339
339 340
340 341
341 342
341 354
342 343
342 363
343 344
344 345
345 346
346 347
347 348
347 360
348 349
349 350
350 351
351 352
352 353
353 354
354 355
355 356
356 357
357 358
358 359
359 360
360 361
361 362
362 363
363 364
364 365
